Mapping parameters for Pteria hirundo (European wing oyster)

"Cite AquaMaps itself as: Kaschner, K., Kesner-Reyes, K., Garilao, C., Segschneider, J., Rius-Barile, J. Rees, T., & Froese, R. (2019, October). AquaMaps: Predicted range maps for aquatic species. Retrieved from https://www.aquamaps.org."

Map type: Computer-generated,
Map Option: In FAO
FAOAreas: 31 |  37,
Bounding Box (NSWE): ,,,,

Pelagic: False,
Layer used to generate probabilities: Surface,

Species Envelope (HSPEN):
 ,Used,Min,Pref Min (10th),Pref Max (90th),Max
Depth (m),1,20,33,84,150
Temperature (°C),1,12.65,17.53,26.27,30.47
Salinity (psu),1,33.2,35.96,38.4,40.5
Primary Production (mgC·m-3·day-1) ,1,-0.48,0.52,12.25,23.6
Sea Ice Concentration (0-1 fraction),1,-1,0,0,0
Dissolved Bottom Oxygen (mmol·m-3),0,124.17,182.99,249.45,312.13
Distance to Land (km),0,0,7,99,271
 

Map data (HSPEC) for predicted occurrences (n = 1878): 

"To get individual probabilities (i.e. Depth, Temperature, Salinity, Primary Production, Sea Ice Concentration, Distance to Land):"
1. Click on the Create-Your-Own-Map at the bottom left part of the species map page.
2. Click on the Regenerate Map Data and View Map button then click OK.
3. In the resulting User-Specified Map for the species click on the Download data (as csv) link.
4. Select HSPEC then Submit.

Genus,Species,Center Lat,Center Long,C-Square Code,Overall Probability
Pteria,hirundo,40.25,-70.75,7407:100:2,0.01
Pteria,hirundo,40.25,-69.25,7406:209:1,0.01
Pteria,hirundo,40.25,-68.75,7406:208:2,0.06
Pteria,hirundo,40.25,-68.25,7406:208:1,0.14
Pteria,hirundo,40.25,-67.75,7406:207:2,0.06
Pteria,hirundo,40.75,-66.75,7406:206:4,0.04
Pteria,hirundo,31.75,-81.25,7308:111:3,0.14
Pteria,hirundo,36.75,-75.25,7307:465:3,0.02
Pteria,hirundo,36.25,-75.25,7307:465:1,0.18
Pteria,hirundo,35.75,-76.25,7307:456:3,0.01
Pteria,hirundo,39.75,-72.25,7307:392:3,0.06
Pteria,hirundo,39.25,-72.75,7307:392:2,0.10
Pteria,hirundo,39.25,-72.25,7307:392:1,0.17
Pteria,hirundo,39.75,-71.25,7307:391:3,0.02
Pteria,hirundo,38.25,-74.25,7307:384:1,0.10
Pteria,hirundo,38.75,-73.75,7307:383:4,0.05
Pteria,hirundo,38.75,-73.25,7307:383:3,0.14
Pteria,hirundo,37.75,-74.75,7307:374:4,0.08
Pteria,hirundo,37.25,-74.75,7307:374:2,0.16
Pteria,hirundo,34.25,-77.75,7307:247:2,0.02
Pteria,hirundo,33.25,-79.25,7307:239:1,0.04
Pteria,hirundo,39.75,-69.75,7306:499:4,0.07
Pteria,hirundo,39.75,-69.25,7306:499:3,0.15
Pteria,hirundo,35.75,-3.75,7300:353:4,0.12
Pteria,hirundo,28.25,-96.75,7209:486:2,0.01
Pteria,hirundo,20.75,-90.25,7209:100:3,0.07
Pteria,hirundo,29.25,-87.25,7208:497:1,0.15
Pteria,hirundo,29.75,-86.75,7208:496:4,0.18
Pteria,hirundo,28.75,-85.75,7208:485:4,0.11
Pteria,hirundo,29.75,-83.75,7208:393:4,0.06
Pteria,hirundo,28.25,-80.75,7208:380:2,0.08
Pteria,hirundo,27.25,-84.75,7208:374:2,0.07
Pteria,hirundo,23.25,-89.75,7208:239:2,0.16
Pteria,hirundo,22.25,-71.75,7207:121:2,0.12
Pteria,hirundo,19.25,-93.25,7109:393:1,0.15
Pteria,hirundo,18.75,-93.25,7109:383:3,0.11
Pteria,hirundo,18.75,-92.75,7109:382:4,0.06
Pteria,hirundo,18.25,-88.25,7108:488:1,0.08
Pteria,hirundo,16.75,-88.25,7108:468:3,0.07
Pteria,hirundo,15.75,-85.75,7108:455:4,0.19
Pteria,hirundo,17.25,-80.75,7108:370:2,0.02
Pteria,hirundo,11.75,-83.75,7108:113:4,0.18
Pteria,hirundo,11.25,-83.75,7108:113:2,0.07
Pteria,hirundo,11.75,-82.75,7108:112:4,0.16
Pteria,hirundo,10.75,-83.75,7108:103:4,0.11
Pteria,hirundo,11.25,-73.25,7107:113:1,0.14
Pteria,hirundo,11.75,-71.75,7107:111:4,0.01
Pteria,hirundo,19.75,-68.75,7106:498:4,0.01
Pteria,hirundo,11.75,-63.75,7106:113:4,0.09
Pteria,hirundo,11.75,-63.25,7106:113:3,0.17
Pteria,hirundo,11.75,-62.75,7106:112:4,0.19
Pteria,hirundo,11.75,-62.25,7106:112:3,0.17
Pteria,hirundo,11.75,-61.75,7106:111:4,0.17
Pteria,hirundo,11.25,-60.75,7106:110:2,0.02
Pteria,hirundo,11.25,-60.25,7106:110:1,0.17
Pteria,hirundo,10.75,-60.25,7106:100:3,0.08
Pteria,hirundo,8.75,-81.75,7008:381:4,0.04
Pteria,hirundo,8.75,-81.25,7008:381:3,0.06
Pteria,hirundo,9.25,-79.75,7007:499:2,0.05
Pteria,hirundo,9.25,-77.75,7007:497:2,0.06
Pteria,hirundo,9.25,-76.25,7007:496:1,0.03
Pteria,hirundo,9.75,-59.75,7005:499:4,0.09
Pteria,hirundo,9.25,-59.75,7005:499:2,0.18
Pteria,hirundo,8.25,-59.25,7005:489:1,0.03
Pteria,hirundo,8.25,-58.75,7005:488:2,0.17
Pteria,hirundo,8.25,-57.75,7005:487:2,0.19
Pteria,hirundo,7.75,-57.75,7005:477:4,0.18
Pteria,hirundo,7.25,-57.75,7005:477:2,0.02
Pteria,hirundo,7.75,-56.75,7005:476:4,0.12
Pteria,hirundo,7.25,-56.25,7005:476:1,0.16
Pteria,hirundo,7.25,-55.75,7005:475:2,0.05
Pteria,hirundo,6.75,-57.75,7005:467:4,0.01
Pteria,hirundo,6.75,-57.25,7005:467:3,0.01
Pteria,hirundo,6.75,-56.25,7005:466:3,0.15
Pteria,hirundo,5.25,-50.25,7005:350:1,0.16
Pteria,hirundo,4.75,-49.75,7004:249:4,0.08
Pteria,hirundo,4.25,-49.75,7004:249:2,0.01
Pteria,hirundo,0.25,-47.25,7004:207:1,0.11
Pteria,hirundo,0.75,-46.75,7004:206:4,0.03
Pteria,hirundo,-43.25,-65.25,5406:235:1,0.02
Pteria,hirundo,-42.25,-65.25,5406:225:1,0.14
Pteria,hirundo,-41.75,-65.25,5406:215:3,0.10
Pteria,hirundo,-43.25,-64.25,5406:134:1,0.03
Pteria,hirundo,-43.25,-63.75,5406:133:2,0.03
Pteria,hirundo,-43.25,-63.25,5406:133:1,0.03
Pteria,hirundo,-43.25,-62.75,5406:132:2,0.04
Pteria,hirundo,-43.25,-62.25,5406:132:1,0.02
Pteria,hirundo,-42.75,-64.75,5406:124:4,0.13
Pteria,hirundo,-42.75,-64.25,5406:124:3,0.09
Pteria,hirundo,-42.25,-64.75,5406:124:2,0.14
Pteria,hirundo,-42.25,-64.25,5406:124:1,0.14
Pteria,hirundo,-42.75,-63.75,5406:123:4,0.04
Pteria,hirundo,-42.75,-63.25,5406:123:3,0.04
Pteria,hirundo,-42.25,-63.75,5406:123:2,0.08
Pteria,hirundo,-42.25,-63.25,5406:123:1,0.09
Pteria,hirundo,-42.75,-62.75,5406:122:4,0.06
Pteria,hirundo,-42.75,-62.25,5406:122:3,0.07
Pteria,hirundo,-42.25,-62.75,5406:122:2,0.12
Pteria,hirundo,-42.25,-62.25,5406:122:1,0.13
Pteria,hirundo,-42.75,-61.75,5406:121:4,0.05
Pteria,hirundo,-42.75,-61.25,5406:121:3,0.01
Pteria,hirundo,-42.25,-61.75,5406:121:2,0.11
Pteria,hirundo,-42.25,-61.25,5406:121:1,0.08
Pteria,hirundo,-42.25,-60.75,5406:120:2,0.03
Pteria,hirundo,-41.75,-64.75,5406:114:4,0.17
Pteria,hirundo,-41.75,-64.25,5406:114:3,0.17
Pteria,hirundo,-41.75,-63.75,5406:113:4,0.19
Pteria,hirundo,-41.75,-61.75,5406:111:4,0.17
Pteria,hirundo,-41.75,-61.25,5406:111:3,0.14
Pteria,hirundo,-41.25,-61.75,5406:111:2,0.19
Pteria,hirundo,-41.25,-61.25,5406:111:1,0.18
Pteria,hirundo,-41.75,-60.75,5406:110:4,0.10
Pteria,hirundo,-41.75,-60.25,5406:110:3,0.04
Pteria,hirundo,-41.25,-60.75,5406:110:2,0.14
Pteria,hirundo,-41.25,-60.25,5406:110:1,0.08
Pteria,hirundo,-40.75,-62.75,5406:102:4,0.13
Pteria,hirundo,-40.75,-62.25,5406:102:3,0.04
Pteria,hirundo,-40.75,-61.75,5406:101:4,0.17
Pteria,hirundo,-40.25,-61.75,5406:101:2,0.09
Pteria,hirundo,-40.75,-60.75,5406:100:4,0.18
Pteria,hirundo,-40.75,-60.25,5406:100:3,0.14
Pteria,hirundo,-40.25,-60.25,5406:100:1,0.19
Pteria,hirundo,-41.25,-59.75,5405:219:2,0.02
Pteria,hirundo,-40.75,-59.75,5405:209:4,0.04
Pteria,hirundo,-40.75,-59.25,5405:209:3,0.01
Pteria,hirundo,-40.25,-59.75,5405:209:2,0.10
Pteria,hirundo,-40.25,-59.25,5405:209:1,0.03
Pteria,hirundo,-40.25,-58.75,5405:208:2,0.01
Pteria,hirundo,-39.75,-62.25,5306:392:3,0.06
Pteria,hirundo,-39.25,-62.25,5306:392:1,0.16
Pteria,hirundo,-39.75,-61.75,5306:391:4,0.08
Pteria,hirundo,-39.75,-61.25,5306:391:3,0.19
Pteria,hirundo,-39.25,-61.75,5306:391:2,0.18
Pteria,hirundo,-39.75,-59.75,5305:499:4,0.18
Pteria,hirundo,-39.75,-59.25,5305:499:3,0.07
Pteria,hirundo,-39.25,-59.25,5305:499:1,0.18
Pteria,hirundo,-39.75,-58.75,5305:498:4,0.03
Pteria,hirundo,-39.75,-58.25,5305:498:3,0.02
Pteria,hirundo,-39.25,-58.75,5305:498:2,0.09
Pteria,hirundo,-39.25,-58.25,5305:498:1,0.04
Pteria,hirundo,-39.75,-57.75,5305:497:4,0.01
Pteria,hirundo,-39.25,-57.75,5305:497:2,0.03
Pteria,hirundo,-39.25,-57.25,5305:497:1,0.03
Pteria,hirundo,-39.25,-56.75,5305:496:2,0.02
Pteria,hirundo,-38.75,-59.25,5305:489:3,0.18
Pteria,hirundo,-38.75,-58.75,5305:488:4,0.16
Pteria,hirundo,-38.75,-58.25,5305:488:3,0.10
Pteria,hirundo,-38.75,-57.75,5305:487:4,0.04
Pteria,hirundo,-38.75,-57.25,5305:487:3,0.02
Pteria,hirundo,-38.75,-56.75,5305:486:4,0.03
Pteria,hirundo,-38.75,-56.25,5305:486:3,0.02
Pteria,hirundo,-38.25,-55.75,5305:485:2,0.01
Pteria,hirundo,-38.25,-55.25,5305:485:1,0.01
Pteria,hirundo,-37.75,-55.25,5305:475:3,0.01
Pteria,hirundo,-37.75,-54.75,5305:374:4,0.02
Pteria,hirundo,-37.25,-54.25,5305:374:1,0.10
Pteria,hirundo,-36.75,-53.75,5305:363:4,0.08
Pteria,hirundo,-36.25,-53.25,5305:363:1,0.05
Pteria,hirundo,-35.75,-52.75,5305:352:4,0.03
Pteria,hirundo,-34.25,-51.75,5305:141:2,0.03
Pteria,hirundo,-33.25,-51.25,5305:131:1,0.02
Pteria,hirundo,-32.75,-50.75,5305:120:4,0.14
Pteria,hirundo,-31.25,-50.25,5305:110:1,0.08
Pteria,hirundo,-31.25,-49.25,5304:219:1,0.17
Pteria,hirundo,-29.75,-49.75,5204:499:4,0.14
Pteria,hirundo,-29.25,-49.75,5204:499:2,0.17
Pteria,hirundo,-28.25,-47.25,5204:487:1,0.05
Pteria,hirundo,-23.75,-45.75,5204:235:4,0.08
Pteria,hirundo,-24.25,-43.25,5204:143:1,0.03
Pteria,hirundo,-23.75,-44.25,5204:134:3,0.17
Pteria,hirundo,-1.25,-45.75,5004:215:2,0.02
Pteria,hirundo,-0.75,-46.75,5004:206:4,0.08
Pteria,hirundo,-2.25,-44.25,5004:124:1,0.02
Pteria,hirundo,-2.75,-42.75,5004:122:4,0.03
Pteria,hirundo,-2.75,-42.25,5004:122:3,0.19
Pteria,hirundo,-2.75,-41.75,5004:121:4,0.09
Pteria,hirundo,-1.75,-44.75,5004:114:4,0.15
Pteria,hirundo,-3.25,-37.25,5003:237:1,0.08
Pteria,hirundo,40.25,23.75,1402:103:2,0.04
Pteria,hirundo,45.75,13.25,1401:353:3,0.12
Pteria,hirundo,40.25,10.25,1401:100:1,0.01
Pteria,hirundo,32.25,32.25,1303:122:1,0.14
Pteria,hirundo,39.75,24.75,1302:394:4,0.17
Pteria,hirundo,39.75,24.25,1302:394:3,0.15
Pteria,hirundo,37.75,11.25,1301:371:3,0.06
Pteria,hirundo,31.75,15.25,1301:215:3,0.08
Pteria,hirundo,34.75,13.75,1301:143:4,0.15
Pteria,hirundo,39.25,3.75,1300:393:2,0.18
Pteria,hirundo,30.25,-86.25,7308:206:1,0.30
Pteria,hirundo,30.25,-85.75,7308:205:2,0.27
Pteria,hirundo,30.25,-83.75,7308:103:2,0.36
Pteria,hirundo,30.25,-81.25,7308:101:1,0.38
Pteria,hirundo,35.75,-75.75,7307:455:4,0.23
Pteria,hirundo,35.75,-75.25,7307:455:3,0.32
Pteria,hirundo,39.75,-71.75,7307:391:4,0.20
Pteria,hirundo,38.25,-73.75,7307:383:2,0.21
Pteria,hirundo,38.75,-72.75,7307:382:4,0.35
Pteria,hirundo,37.75,-74.25,7307:374:3,0.23
Pteria,hirundo,36.75,-74.75,7307:364:4,0.26
Pteria,hirundo,36.25,-74.75,7307:364:2,0.37
Pteria,hirundo,34.75,-77.25,7307:247:3,0.24
Pteria,hirundo,33.75,-78.75,7307:238:4,0.39
Pteria,hirundo,28.25,-95.75,7209:485:2,0.20
Pteria,hirundo,27.75,-97.25,7209:477:3,0.23
Pteria,hirundo,27.25,-97.25,7209:477:1,0.34
Pteria,hirundo,27.75,-96.75,7209:476:4,0.22
Pteria,hirundo,25.25,-96.25,7209:456:1,0.29
Pteria,hirundo,28.75,-94.25,7209:384:3,0.20
Pteria,hirundo,28.75,-93.75,7209:383:4,0.31
Pteria,hirundo,28.75,-93.25,7209:383:3,0.33
Pteria,hirundo,28.75,-92.75,7209:382:4,0.33
Pteria,hirundo,28.75,-92.25,7209:382:3,0.24
Pteria,hirundo,27.75,-92.75,7209:372:4,0.34
Pteria,hirundo,27.75,-91.75,7209:371:4,0.36
Pteria,hirundo,21.25,-90.25,7209:110:1,0.38
Pteria,hirundo,29.75,-86.25,7208:496:3,0.36
Pteria,hirundo,28.25,-85.25,7208:485:1,0.32
Pteria,hirundo,29.25,-83.75,7208:393:2,0.33
Pteria,hirundo,28.75,-83.25,7208:383:3,0.20
Pteria,hirundo,27.75,-82.75,7208:372:4,0.31
Pteria,hirundo,23.75,-89.25,7208:239:3,0.34
Pteria,hirundo,24.75,-84.25,7208:144:3,0.25
Pteria,hirundo,24.25,-81.25,7208:141:1,0.34
Pteria,hirundo,22.25,-81.25,7208:121:1,0.35
Pteria,hirundo,21.75,-84.75,7208:114:4,0.34
Pteria,hirundo,21.75,-84.25,7208:114:3,0.34
Pteria,hirundo,21.75,-83.75,7208:113:4,0.33
Pteria,hirundo,21.75,-83.25,7208:113:3,0.36
Pteria,hirundo,21.75,-82.75,7208:112:4,0.39
Pteria,hirundo,21.25,-82.75,7208:112:2,0.32
Pteria,hirundo,21.75,-81.75,7208:111:4,0.38
Pteria,hirundo,21.75,-81.25,7208:111:3,0.35
Pteria,hirundo,21.75,-80.75,7208:110:4,0.31
Pteria,hirundo,21.75,-80.25,7208:110:3,0.31
Pteria,hirundo,21.75,-79.75,7207:219:4,0.38
Pteria,hirundo,21.25,-79.75,7207:219:2,0.32
Pteria,hirundo,20.75,-79.25,7207:209:3,0.29
Pteria,hirundo,20.25,-78.25,7207:208:1,0.32
Pteria,hirundo,21.25,-73.75,7207:113:2,0.38
Pteria,hirundo,21.25,-72.75,7207:112:2,0.39
Pteria,hirundo,21.25,-72.25,7207:112:1,0.39
Pteria,hirundo,20.25,-74.25,7207:104:1,0.34
Pteria,hirundo,20.75,-73.75,7207:103:4,0.35
Pteria,hirundo,20.75,-73.25,7207:103:3,0.37
Pteria,hirundo,20.75,-70.75,7207:100:4,0.39
Pteria,hirundo,20.75,-70.25,7207:100:3,0.37
Pteria,hirundo,20.75,-69.25,7206:209:3,0.25
Pteria,hirundo,20.25,-69.75,7206:209:2,0.38
Pteria,hirundo,20.25,-68.75,7206:208:2,0.35
Pteria,hirundo,18.25,-93.75,7109:383:2,0.31
Pteria,hirundo,18.75,-92.25,7109:382:3,0.35
Pteria,hirundo,18.75,-91.75,7109:381:4,0.31
Pteria,hirundo,19.25,-87.75,7108:497:2,0.35
Pteria,hirundo,18.75,-87.75,7108:487:4,0.35
Pteria,hirundo,17.25,-87.75,7108:477:2,0.35
Pteria,hirundo,17.25,-87.25,7108:477:1,0.37
Pteria,hirundo,16.25,-88.75,7108:468:2,0.39
Pteria,hirundo,16.75,-87.75,7108:467:4,0.33
Pteria,hirundo,16.25,-87.75,7108:467:2,0.30
Pteria,hirundo,16.25,-87.25,7108:467:1,0.32
Pteria,hirundo,16.25,-86.75,7108:466:2,0.34
Pteria,hirundo,16.25,-86.25,7108:466:1,0.37
Pteria,hirundo,16.75,-85.75,7108:465:4,0.37
Pteria,hirundo,16.25,-85.25,7108:465:1,0.38
Pteria,hirundo,15.75,-88.75,7108:458:4,0.31
Pteria,hirundo,15.75,-88.25,7108:458:3,0.31
Pteria,hirundo,15.75,-87.75,7108:457:4,0.38
Pteria,hirundo,15.75,-87.25,7108:457:3,0.37
Pteria,hirundo,15.75,-86.75,7108:456:4,0.38
Pteria,hirundo,15.75,-86.25,7108:456:3,0.39
Pteria,hirundo,19.25,-81.25,7108:391:1,0.39
Pteria,hirundo,19.75,-80.25,7108:390:3,0.33
Pteria,hirundo,16.75,-83.25,7108:363:3,0.38
Pteria,hirundo,14.25,-83.25,7108:143:1,0.39
Pteria,hirundo,13.75,-83.75,7108:133:4,0.33
Pteria,hirundo,13.75,-83.25,7108:133:3,0.34
Pteria,hirundo,13.25,-83.75,7108:133:2,0.33
Pteria,hirundo,12.75,-83.75,7108:123:4,0.26
Pteria,hirundo,12.25,-83.75,7108:123:2,0.24
Pteria,hirundo,12.25,-81.25,7108:121:1,0.39
Pteria,hirundo,10.25,-83.25,7108:103:1,0.37
Pteria,hirundo,19.75,-79.75,7107:499:4,0.34
Pteria,hirundo,19.75,-77.75,7107:497:4,0.26
Pteria,hirundo,19.75,-77.25,7107:497:3,0.28
Pteria,hirundo,19.75,-76.75,7107:496:4,0.31
Pteria,hirundo,18.75,-78.25,7107:488:3,0.36
Pteria,hirundo,18.25,-78.25,7107:488:1,0.36
Pteria,hirundo,18.75,-77.75,7107:487:4,0.35
Pteria,hirundo,18.75,-77.25,7107:487:3,0.33
Pteria,hirundo,18.25,-77.75,7107:487:2,0.37
Pteria,hirundo,18.25,-77.25,7107:487:1,0.35
Pteria,hirundo,18.25,-76.75,7107:486:2,0.35
Pteria,hirundo,18.25,-76.25,7107:486:1,0.33
Pteria,hirundo,18.75,-75.75,7107:485:4,0.31
Pteria,hirundo,17.75,-77.75,7107:477:4,0.38
Pteria,hirundo,17.75,-76.75,7107:476:4,0.39
Pteria,hirundo,16.75,-77.75,7107:467:4,0.28
Pteria,hirundo,19.75,-74.75,7107:394:4,0.30
Pteria,hirundo,19.75,-73.25,7107:393:3,0.39
Pteria,hirundo,18.75,-74.75,7107:384:4,0.31
Pteria,hirundo,18.75,-74.25,7107:384:3,0.27
Pteria,hirundo,18.25,-74.75,7107:384:2,0.37
Pteria,hirundo,18.25,-74.25,7107:384:1,0.35
Pteria,hirundo,18.75,-73.75,7107:383:4,0.26
Pteria,hirundo,18.75,-73.25,7107:383:3,0.36
Pteria,hirundo,18.25,-73.25,7107:383:1,0.39
Pteria,hirundo,18.75,-72.75,7107:382:4,0.37
Pteria,hirundo,18.25,-72.75,7107:382:2,0.39
Pteria,hirundo,18.25,-72.25,7107:382:1,0.38
Pteria,hirundo,18.25,-70.75,7107:380:2,0.39
Pteria,hirundo,10.25,-75.75,7107:205:2,0.31
Pteria,hirundo,11.75,-72.25,7107:112:3,0.21
Pteria,hirundo,11.75,-71.25,7107:111:3,0.26
Pteria,hirundo,11.25,-70.75,7107:110:2,0.23
Pteria,hirundo,18.25,-68.25,7106:488:1,0.39
Pteria,hirundo,18.75,-67.75,7106:487:4,0.39
Pteria,hirundo,18.75,-67.25,7106:487:3,0.38
Pteria,hirundo,18.25,-67.75,7106:487:2,0.36
Pteria,hirundo,18.25,-67.25,7106:487:1,0.34
Pteria,hirundo,18.75,-66.25,7106:486:3,0.38
Pteria,hirundo,18.25,-65.75,7106:485:2,0.39
Pteria,hirundo,18.25,-65.25,7106:485:1,0.39
Pteria,hirundo,17.75,-67.25,7106:477:3,0.34
Pteria,hirundo,17.75,-66.75,7106:476:4,0.34
Pteria,hirundo,17.75,-66.25,7106:476:3,0.35
Pteria,hirundo,17.75,-65.75,7106:475:4,0.35
Pteria,hirundo,17.75,-64.75,7106:374:4,0.36
Pteria,hirundo,17.75,-63.75,7106:373:4,0.34
Pteria,hirundo,17.75,-63.25,7106:373:3,0.36
Pteria,hirundo,17.25,-63.75,7106:373:2,0.32
Pteria,hirundo,17.25,-63.25,7106:373:1,0.33
Pteria,hirundo,17.25,-62.75,7106:372:2,0.36
Pteria,hirundo,17.25,-62.25,7106:372:1,0.38
Pteria,hirundo,16.75,-62.25,7106:362:3,0.33
Pteria,hirundo,16.25,-61.75,7106:361:2,0.34
Pteria,hirundo,16.25,-61.25,7106:361:1,0.39
Pteria,hirundo,16.25,-60.75,7106:360:2,0.39
Pteria,hirundo,15.75,-63.75,7106:353:4,0.28
Pteria,hirundo,15.75,-61.75,7106:351:4,0.29
Pteria,hirundo,15.75,-61.25,7106:351:3,0.35
Pteria,hirundo,15.25,-61.25,7106:351:1,0.30
Pteria,hirundo,15.25,-60.75,7106:350:2,0.33
Pteria,hirundo,11.75,-67.25,7106:217:3,0.29
Pteria,hirundo,11.25,-66.75,7106:216:2,0.28
Pteria,hirundo,10.25,-65.75,7106:205:2,0.24
Pteria,hirundo,14.75,-61.25,7106:141:3,0.27
Pteria,hirundo,14.75,-60.75,7106:140:4,0.30
Pteria,hirundo,14.25,-60.75,7106:140:2,0.27
Pteria,hirundo,13.75,-61.25,7106:131:3,0.23
Pteria,hirundo,13.25,-61.25,7106:131:1,0.23
Pteria,hirundo,13.75,-60.75,7106:130:4,0.24
Pteria,hirundo,12.75,-61.25,7106:121:3,0.22
Pteria,hirundo,12.25,-61.75,7106:121:2,0.24
Pteria,hirundo,12.25,-61.25,7106:121:1,0.21
Pteria,hirundo,11.75,-64.25,7106:114:3,0.21
Pteria,hirundo,13.25,-59.75,7105:239:2,0.24
Pteria,hirundo,13.25,-59.25,7105:239:1,0.25
Pteria,hirundo,9.75,-82.75,7008:392:4,0.36
Pteria,hirundo,9.75,-82.25,7008:392:3,0.39
Pteria,hirundo,9.25,-82.25,7008:392:1,0.30
Pteria,hirundo,9.25,-81.75,7008:391:2,0.35
Pteria,hirundo,9.25,-81.25,7008:391:1,0.36
Pteria,hirundo,9.25,-80.75,7008:390:2,0.32
Pteria,hirundo,9.25,-80.25,7008:390:1,0.34
Pteria,hirundo,9.75,-79.75,7007:499:4,0.39
Pteria,hirundo,9.75,-79.25,7007:499:3,0.32
Pteria,hirundo,9.75,-78.75,7007:498:4,0.29
Pteria,hirundo,9.75,-78.25,7007:498:3,0.27
Pteria,hirundo,9.75,-76.25,7007:496:3,0.21
Pteria,hirundo,9.25,-59.25,7005:499:1,0.24
Pteria,hirundo,8.75,-59.75,7005:489:4,0.28
Pteria,hirundo,8.75,-59.25,7005:489:3,0.26
Pteria,hirundo,8.75,-58.75,7005:488:4,0.27
Pteria,hirundo,8.25,-58.25,7005:488:1,0.31
Pteria,hirundo,7.75,-57.25,7005:477:3,0.23
Pteria,hirundo,7.25,-57.25,7005:477:1,0.36
Pteria,hirundo,7.25,-56.75,7005:476:2,0.29
Pteria,hirundo,6.75,-56.75,7005:466:4,0.20
Pteria,hirundo,4.25,-49.25,7004:249:1,0.30
Pteria,hirundo,3.75,-48.75,7004:238:4,0.34
Pteria,hirundo,0.25,-46.75,7004:206:2,0.39
Pteria,hirundo,-41.25,-65.25,5406:215:1,0.24
Pteria,hirundo,-40.75,-65.25,5406:205:3,0.23
Pteria,hirundo,-41.25,-64.75,5406:114:2,0.20
Pteria,hirundo,-41.25,-64.25,5406:114:1,0.20
Pteria,hirundo,-41.75,-63.25,5406:113:3,0.23
Pteria,hirundo,-41.25,-63.75,5406:113:2,0.20
Pteria,hirundo,-41.25,-63.25,5406:113:1,0.23
Pteria,hirundo,-41.75,-62.75,5406:112:4,0.23
Pteria,hirundo,-41.75,-62.25,5406:112:3,0.21
Pteria,hirundo,-41.25,-62.75,5406:112:2,0.24
Pteria,hirundo,-41.25,-62.25,5406:112:1,0.20
Pteria,hirundo,-40.75,-64.75,5406:104:4,0.30
Pteria,hirundo,-40.75,-64.25,5406:104:3,0.31
Pteria,hirundo,-40.75,-61.25,5406:101:3,0.20
Pteria,hirundo,-40.25,-61.25,5406:101:1,0.21
Pteria,hirundo,-40.25,-60.75,5406:100:2,0.22
Pteria,hirundo,-39.25,-61.25,5306:391:1,0.21
Pteria,hirundo,-39.75,-60.75,5306:390:4,0.23
Pteria,hirundo,-39.75,-60.25,5306:390:3,0.22
Pteria,hirundo,-39.25,-60.75,5306:390:2,0.22
Pteria,hirundo,-39.25,-60.25,5306:390:1,0.22
Pteria,hirundo,-39.25,-59.75,5305:499:2,0.20
Pteria,hirundo,-33.75,-51.25,5305:131:3,0.27
Pteria,hirundo,-33.25,-50.75,5305:130:2,0.36
Pteria,hirundo,-30.25,-49.75,5304:209:2,0.33
Pteria,hirundo,-27.75,-47.25,5204:477:3,0.29
Pteria,hirundo,-26.75,-46.75,5204:466:4,0.21
Pteria,hirundo,-25.25,-44.75,5204:354:2,0.27
Pteria,hirundo,-24.25,-45.75,5204:245:2,0.27
Pteria,hirundo,-24.25,-45.25,5204:245:1,0.30
Pteria,hirundo,-23.75,-45.25,5204:235:3,0.29
Pteria,hirundo,-24.25,-43.75,5204:143:2,0.26
Pteria,hirundo,-23.75,-44.75,5204:134:4,0.28
Pteria,hirundo,-23.75,-42.25,5204:132:3,0.30
Pteria,hirundo,-23.25,-42.75,5204:132:2,0.25
Pteria,hirundo,-22.75,-42.25,5204:122:3,0.27
Pteria,hirundo,-22.75,-41.25,5204:121:3,0.28
Pteria,hirundo,-22.25,-41.75,5204:121:2,0.39
Pteria,hirundo,-21.75,-40.75,5204:110:4,0.20
Pteria,hirundo,-20.75,-40.75,5204:100:4,0.22
Pteria,hirundo,-19.75,-38.75,5103:498:4,0.39
Pteria,hirundo,-11.75,-37.75,5103:217:4,0.39
Pteria,hirundo,-1.25,-45.25,5004:215:1,0.25
Pteria,hirundo,-0.75,-46.25,5004:206:3,0.37
Pteria,hirundo,-0.25,-46.75,5004:206:2,0.28
Pteria,hirundo,-1.75,-44.25,5004:114:3,0.24
Pteria,hirundo,40.75,22.75,1402:102:4,0.36
Pteria,hirundo,42.75,4.75,1400:124:4,0.31
Pteria,hirundo,33.25,34.75,1303:134:2,0.26
Pteria,hirundo,39.25,24.25,1302:394:1,0.34
Pteria,hirundo,39.75,23.75,1302:393:4,0.20
Pteria,hirundo,39.75,23.25,1302:393:3,0.38
Pteria,hirundo,39.25,23.75,1302:393:2,0.34
Pteria,hirundo,36.25,11.75,1301:361:2,0.30
Pteria,hirundo,32.25,16.25,1301:226:1,0.35
Pteria,hirundo,34.25,13.75,1301:143:2,0.24
Pteria,hirundo,32.25,-80.25,7308:120:1,0.54
Pteria,hirundo,30.75,-81.25,7308:101:3,0.57
Pteria,hirundo,35.25,-75.25,7307:455:1,0.54
Pteria,hirundo,38.25,-73.25,7307:383:1,0.48
Pteria,hirundo,37.25,-74.25,7307:374:1,0.52
Pteria,hirundo,35.75,-74.75,7307:354:4,0.55
Pteria,hirundo,33.75,-78.25,7307:238:3,0.45
Pteria,hirundo,28.25,-95.25,7209:485:1,0.44
Pteria,hirundo,27.75,-96.25,7209:476:3,0.53
Pteria,hirundo,27.25,-96.75,7209:476:2,0.54
Pteria,hirundo,26.75,-97.25,7209:467:3,0.46
Pteria,hirundo,26.25,-97.25,7209:467:1,0.58
Pteria,hirundo,28.25,-90.75,7209:380:2,0.51
Pteria,hirundo,28.25,-90.25,7209:380:1,0.41
Pteria,hirundo,21.25,-96.75,7209:216:2,0.47
Pteria,hirundo,21.25,-92.25,7209:112:1,0.55
Pteria,hirundo,20.75,-92.25,7209:102:3,0.53
Pteria,hirundo,20.25,-92.25,7209:102:1,0.51
Pteria,hirundo,29.25,-86.25,7208:496:1,0.51
Pteria,hirundo,29.75,-85.75,7208:495:4,0.49
Pteria,hirundo,29.75,-85.25,7208:495:3,0.46
Pteria,hirundo,28.25,-89.75,7208:489:2,0.47
Pteria,hirundo,27.75,-84.75,7208:374:4,0.57
Pteria,hirundo,25.75,-84.25,7208:354:3,0.57
Pteria,hirundo,22.75,-86.75,7208:226:4,0.57
Pteria,hirundo,22.25,-86.25,7208:226:1,0.42
Pteria,hirundo,21.75,-86.25,7208:216:3,0.59
Pteria,hirundo,21.25,-86.25,7208:216:1,0.55
Pteria,hirundo,20.25,-87.25,7208:207:1,0.56
Pteria,hirundo,20.75,-86.75,7208:206:4,0.58
Pteria,hirundo,20.25,-86.75,7208:206:2,0.53
Pteria,hirundo,22.75,-84.25,7208:124:3,0.54
Pteria,hirundo,22.25,-84.75,7208:124:2,0.44
Pteria,hirundo,22.25,-84.25,7208:124:1,0.43
Pteria,hirundo,22.75,-83.75,7208:123:4,0.53
Pteria,hirundo,22.75,-83.25,7208:123:3,0.59
Pteria,hirundo,22.25,-83.75,7208:123:2,0.40
Pteria,hirundo,22.25,-83.25,7208:123:1,0.49
Pteria,hirundo,22.25,-82.75,7208:122:2,0.50
Pteria,hirundo,22.25,-82.25,7208:122:1,0.48
Pteria,hirundo,22.25,-81.75,7208:121:2,0.45
Pteria,hirundo,22.25,-80.75,7208:120:2,0.45
Pteria,hirundo,22.25,-80.25,7208:120:1,0.50
Pteria,hirundo,21.75,-82.25,7208:112:3,0.40
Pteria,hirundo,24.75,-77.75,7207:247:4,0.55
Pteria,hirundo,24.25,-77.25,7207:247:1,0.53
Pteria,hirundo,24.75,-76.75,7207:246:4,0.53
Pteria,hirundo,24.75,-76.25,7207:246:3,0.54
Pteria,hirundo,24.25,-76.25,7207:246:1,0.51
Pteria,hirundo,24.75,-75.75,7207:245:4,0.55
Pteria,hirundo,24.25,-75.75,7207:245:2,0.53
Pteria,hirundo,24.25,-75.25,7207:245:1,0.51
Pteria,hirundo,23.75,-77.25,7207:237:3,0.49
Pteria,hirundo,23.25,-76.75,7207:236:2,0.58
Pteria,hirundo,23.25,-76.25,7207:236:1,0.58
Pteria,hirundo,23.75,-75.75,7207:235:4,0.48
Pteria,hirundo,23.75,-75.25,7207:235:3,0.48
Pteria,hirundo,23.25,-75.25,7207:235:1,0.53
Pteria,hirundo,22.75,-77.75,7207:227:4,0.46
Pteria,hirundo,22.75,-76.25,7207:226:3,0.58
Pteria,hirundo,22.25,-76.25,7207:226:1,0.52
Pteria,hirundo,22.75,-75.75,7207:225:4,0.43
Pteria,hirundo,22.25,-75.75,7207:225:2,0.53
Pteria,hirundo,22.25,-75.25,7207:225:1,0.42
Pteria,hirundo,21.75,-79.25,7207:219:3,0.59
Pteria,hirundo,21.25,-79.25,7207:219:1,0.51
Pteria,hirundo,21.25,-78.75,7207:218:2,0.55
Pteria,hirundo,21.25,-78.25,7207:218:1,0.57
Pteria,hirundo,21.75,-75.75,7207:215:4,0.45
Pteria,hirundo,21.75,-75.25,7207:215:3,0.41
Pteria,hirundo,21.25,-75.75,7207:215:2,0.58
Pteria,hirundo,20.75,-78.75,7207:208:4,0.48
Pteria,hirundo,20.75,-78.25,7207:208:3,0.49
Pteria,hirundo,20.75,-77.75,7207:207:4,0.49
Pteria,hirundo,20.75,-77.25,7207:207:3,0.55
Pteria,hirundo,20.25,-77.75,7207:207:2,0.46
Pteria,hirundo,20.25,-77.25,7207:207:1,0.47
Pteria,hirundo,20.25,-76.25,7207:206:1,0.54
Pteria,hirundo,24.25,-74.25,7207:144:1,0.48
Pteria,hirundo,23.75,-74.75,7207:134:4,0.47
Pteria,hirundo,23.75,-74.25,7207:134:3,0.47
Pteria,hirundo,23.25,-74.75,7207:134:2,0.45
Pteria,hirundo,23.25,-73.75,7207:133:2,0.47
Pteria,hirundo,22.75,-74.75,7207:124:4,0.42
Pteria,hirundo,22.75,-74.25,7207:124:3,0.47
Pteria,hirundo,22.25,-74.75,7207:124:2,0.41
Pteria,hirundo,22.25,-74.25,7207:124:1,0.43
Pteria,hirundo,22.75,-73.75,7207:123:4,0.45
Pteria,hirundo,22.75,-73.25,7207:123:3,0.46
Pteria,hirundo,22.25,-73.75,7207:123:2,0.43
Pteria,hirundo,22.25,-73.25,7207:123:1,0.43
Pteria,hirundo,22.25,-72.75,7207:122:2,0.44
Pteria,hirundo,21.75,-73.75,7207:113:4,0.40
Pteria,hirundo,21.75,-73.25,7207:113:3,0.41
Pteria,hirundo,21.25,-73.25,7207:113:1,0.40
Pteria,hirundo,21.75,-72.75,7207:112:4,0.41
Pteria,hirundo,21.75,-72.25,7207:112:3,0.48
Pteria,hirundo,21.75,-71.75,7207:111:4,0.50
Pteria,hirundo,21.75,-71.25,7207:111:3,0.42
Pteria,hirundo,21.25,-71.75,7207:111:2,0.45
Pteria,hirundo,21.25,-71.25,7207:111:1,0.40
Pteria,hirundo,21.25,-70.75,7207:110:2,0.40
Pteria,hirundo,20.75,-74.75,7207:104:4,0.49
Pteria,hirundo,20.25,-74.75,7207:104:2,0.42
Pteria,hirundo,20.25,-72.75,7207:102:2,0.47
Pteria,hirundo,20.75,-69.75,7206:209:4,0.41
Pteria,hirundo,19.25,-96.25,7109:496:1,0.54
Pteria,hirundo,19.25,-95.75,7109:495:2,0.51
Pteria,hirundo,18.75,-95.75,7109:485:4,0.46
Pteria,hirundo,18.75,-95.25,7109:485:3,0.56
Pteria,hirundo,19.75,-92.75,7109:392:4,0.54
Pteria,hirundo,19.75,-92.25,7109:392:3,0.55
Pteria,hirundo,19.25,-92.75,7109:392:2,0.54
Pteria,hirundo,18.25,-94.75,7109:384:2,0.45
Pteria,hirundo,18.25,-94.25,7109:384:1,0.50
Pteria,hirundo,18.75,-93.75,7109:383:4,0.52
Pteria,hirundo,18.75,-91.25,7109:381:3,0.50
Pteria,hirundo,19.75,-87.75,7108:497:4,0.57
Pteria,hirundo,19.75,-87.25,7108:497:3,0.54
Pteria,hirundo,19.25,-87.25,7108:497:1,0.53
Pteria,hirundo,18.75,-87.25,7108:487:3,0.53
Pteria,hirundo,18.25,-87.75,7108:487:2,0.40
Pteria,hirundo,18.25,-87.25,7108:487:1,0.47
Pteria,hirundo,17.75,-88.25,7108:478:3,0.46
Pteria,hirundo,17.75,-87.75,7108:477:4,0.47
Pteria,hirundo,16.25,-88.25,7108:468:1,0.43
Pteria,hirundo,16.25,-85.75,7108:465:2,0.40
Pteria,hirundo,15.75,-85.25,7108:455:3,0.43
Pteria,hirundo,17.25,-83.75,7108:373:2,0.44
Pteria,hirundo,16.25,-84.75,7108:364:2,0.43
Pteria,hirundo,16.25,-84.25,7108:364:1,0.47
Pteria,hirundo,16.25,-83.75,7108:363:2,0.45
Pteria,hirundo,16.25,-83.25,7108:363:1,0.46
Pteria,hirundo,16.75,-82.75,7108:362:4,0.40
Pteria,hirundo,16.75,-82.25,7108:362:3,0.43
Pteria,hirundo,16.25,-82.75,7108:362:2,0.47
Pteria,hirundo,16.25,-82.25,7108:362:1,0.42
Pteria,hirundo,16.75,-81.75,7108:361:4,0.48
Pteria,hirundo,16.75,-81.25,7108:361:3,0.50
Pteria,hirundo,16.25,-81.75,7108:361:2,0.46
Pteria,hirundo,16.25,-81.25,7108:361:1,0.51
Pteria,hirundo,16.75,-80.75,7108:360:4,0.49
Pteria,hirundo,16.75,-80.25,7108:360:3,0.49
Pteria,hirundo,16.25,-80.75,7108:360:2,0.49
Pteria,hirundo,16.25,-80.25,7108:360:1,0.49
Pteria,hirundo,15.75,-84.75,7108:354:4,0.45
Pteria,hirundo,15.75,-84.25,7108:354:3,0.45
Pteria,hirundo,15.25,-84.25,7108:354:1,0.40
Pteria,hirundo,15.75,-83.75,7108:353:4,0.43
Pteria,hirundo,15.75,-83.25,7108:353:3,0.44
Pteria,hirundo,15.25,-83.25,7108:353:1,0.41
Pteria,hirundo,15.75,-82.75,7108:352:4,0.47
Pteria,hirundo,15.75,-82.25,7108:352:3,0.48
Pteria,hirundo,15.25,-82.75,7108:352:2,0.46
Pteria,hirundo,15.25,-82.25,7108:352:1,0.49
Pteria,hirundo,15.75,-81.75,7108:351:4,0.50
Pteria,hirundo,15.75,-81.25,7108:351:3,0.51
Pteria,hirundo,15.25,-81.75,7108:351:2,0.50
Pteria,hirundo,15.25,-81.25,7108:351:1,0.51
Pteria,hirundo,15.75,-80.75,7108:350:4,0.50
Pteria,hirundo,15.25,-80.75,7108:350:2,0.50
Pteria,hirundo,14.75,-83.25,7108:143:3,0.42
Pteria,hirundo,14.75,-82.75,7108:142:4,0.45
Pteria,hirundo,14.75,-82.25,7108:142:3,0.49
Pteria,hirundo,14.25,-82.75,7108:142:2,0.45
Pteria,hirundo,14.25,-82.25,7108:142:1,0.49
Pteria,hirundo,14.75,-81.75,7108:141:4,0.50
Pteria,hirundo,14.75,-81.25,7108:141:3,0.50
Pteria,hirundo,14.25,-81.75,7108:141:2,0.50
Pteria,hirundo,14.25,-81.25,7108:141:1,0.50
Pteria,hirundo,14.75,-80.25,7108:140:3,0.50
Pteria,hirundo,14.25,-80.25,7108:140:1,0.51
Pteria,hirundo,13.25,-83.25,7108:133:1,0.42
Pteria,hirundo,13.75,-82.75,7108:132:4,0.47
Pteria,hirundo,13.75,-82.25,7108:132:3,0.49
Pteria,hirundo,13.25,-82.75,7108:132:2,0.48
Pteria,hirundo,13.25,-82.25,7108:132:1,0.49
Pteria,hirundo,13.75,-81.75,7108:131:4,0.50
Pteria,hirundo,13.75,-81.25,7108:131:3,0.51
Pteria,hirundo,13.25,-81.25,7108:131:1,0.51
Pteria,hirundo,13.75,-80.25,7108:130:3,0.52
Pteria,hirundo,12.75,-83.25,7108:123:3,0.44
Pteria,hirundo,12.25,-83.25,7108:123:1,0.46
Pteria,hirundo,12.75,-82.75,7108:122:4,0.49
Pteria,hirundo,12.75,-82.25,7108:122:3,0.49
Pteria,hirundo,12.25,-82.75,7108:122:2,0.48
Pteria,hirundo,12.75,-81.75,7108:121:4,0.46
Pteria,hirundo,12.25,-81.75,7108:121:2,0.40
Pteria,hirundo,11.75,-83.25,7108:113:3,0.47
Pteria,hirundo,11.25,-83.25,7108:113:1,0.46
Pteria,hirundo,10.75,-83.25,7108:103:3,0.42
Pteria,hirundo,10.25,-82.75,7108:102:2,0.43
Pteria,hirundo,19.75,-76.25,7107:496:3,0.41
Pteria,hirundo,19.75,-75.75,7107:495:4,0.42
Pteria,hirundo,19.75,-75.25,7107:495:3,0.44
Pteria,hirundo,17.75,-78.75,7107:478:4,0.42
Pteria,hirundo,17.25,-78.75,7107:478:2,0.44
Pteria,hirundo,17.25,-78.25,7107:478:1,0.45
Pteria,hirundo,17.75,-77.25,7107:477:3,0.43
Pteria,hirundo,17.25,-77.75,7107:477:2,0.45
Pteria,hirundo,17.25,-77.25,7107:477:1,0.47
Pteria,hirundo,17.75,-76.25,7107:476:3,0.41
Pteria,hirundo,17.25,-75.75,7107:475:2,0.47
Pteria,hirundo,16.25,-79.25,7107:469:1,0.48
Pteria,hirundo,16.75,-78.75,7107:468:4,0.47
Pteria,hirundo,16.75,-78.25,7107:468:3,0.47
Pteria,hirundo,15.75,-79.75,7107:459:4,0.49
Pteria,hirundo,15.75,-78.75,7107:458:4,0.49
Pteria,hirundo,19.75,-72.75,7107:392:4,0.50
Pteria,hirundo,19.75,-72.25,7107:392:3,0.57
Pteria,hirundo,19.25,-72.75,7107:392:2,0.44
Pteria,hirundo,19.75,-71.75,7107:391:4,0.57
Pteria,hirundo,19.75,-71.25,7107:391:3,0.59
Pteria,hirundo,18.25,-73.75,7107:383:2,0.40
Pteria,hirundo,18.75,-72.25,7107:382:3,0.43
Pteria,hirundo,18.75,-71.75,7107:381:4,0.45
Pteria,hirundo,18.25,-71.75,7107:381:2,0.41
Pteria,hirundo,18.25,-71.25,7107:381:1,0.41
Pteria,hirundo,18.25,-70.25,7107:380:1,0.41
Pteria,hirundo,17.75,-71.75,7107:371:4,0.41
Pteria,hirundo,17.75,-71.25,7107:371:3,0.43
Pteria,hirundo,17.25,-71.75,7107:371:2,0.45
Pteria,hirundo,13.75,-79.75,7107:239:4,0.52
Pteria,hirundo,11.25,-70.25,7107:110:1,0.44
Pteria,hirundo,19.75,-69.75,7106:499:4,0.51
Pteria,hirundo,19.25,-69.75,7106:499:2,0.56
Pteria,hirundo,19.25,-69.25,7106:499:1,0.57
Pteria,hirundo,19.25,-68.75,7106:498:2,0.47
Pteria,hirundo,18.25,-69.75,7106:489:2,0.41
Pteria,hirundo,18.25,-69.25,7106:489:1,0.40
Pteria,hirundo,18.75,-68.75,7106:488:4,0.46
Pteria,hirundo,18.75,-68.25,7106:488:3,0.43
Pteria,hirundo,18.25,-68.75,7106:488:2,0.41
Pteria,hirundo,18.75,-66.75,7106:486:4,0.40
Pteria,hirundo,18.75,-65.75,7106:485:4,0.44
Pteria,hirundo,18.75,-65.25,7106:485:3,0.43
Pteria,hirundo,18.75,-64.75,7106:384:4,0.46
Pteria,hirundo,18.75,-64.25,7106:384:3,0.45
Pteria,hirundo,18.25,-64.75,7106:384:2,0.40
Pteria,hirundo,18.25,-64.25,7106:384:1,0.40
Pteria,hirundo,18.75,-63.25,7106:383:3,0.45
Pteria,hirundo,18.25,-63.25,7106:383:1,0.40
Pteria,hirundo,18.75,-62.75,7106:382:4,0.49
Pteria,hirundo,18.25,-62.75,7106:382:2,0.45
Pteria,hirundo,18.25,-62.25,7106:382:1,0.41
Pteria,hirundo,17.75,-62.75,7106:372:4,0.41
Pteria,hirundo,17.75,-62.25,7106:372:3,0.43
Pteria,hirundo,17.75,-61.75,7106:371:4,0.46
Pteria,hirundo,17.25,-61.75,7106:371:2,0.44
Pteria,hirundo,16.75,-61.25,7106:361:3,0.42
Pteria,hirundo,12.25,-68.25,7106:228:1,0.55
Pteria,hirundo,12.25,-67.75,7106:227:2,0.52
Pteria,hirundo,12.25,-67.25,7106:227:1,0.52
Pteria,hirundo,12.25,-66.75,7106:226:2,0.49
Pteria,hirundo,11.75,-66.75,7106:216:4,0.58
Pteria,hirundo,11.75,-66.25,7106:216:3,0.59
Pteria,hirundo,11.75,-64.75,7106:114:4,0.53
Pteria,hirundo,10.75,-64.75,7106:104:4,0.52
Pteria,hirundo,3.25,-48.25,7004:238:1,0.59
Pteria,hirundo,1.25,-46.75,7004:216:2,0.54
Pteria,hirundo,0.25,-46.25,7004:206:1,0.54
Pteria,hirundo,0.25,-45.75,7004:205:2,0.59
Pteria,hirundo,-31.75,-50.25,5305:110:3,0.53
Pteria,hirundo,-30.75,-49.75,5304:209:4,0.58
Pteria,hirundo,-29.25,-49.25,5204:499:1,0.55
Pteria,hirundo,-29.75,-48.25,5204:498:3,0.44
Pteria,hirundo,-28.75,-49.25,5204:489:3,0.56
Pteria,hirundo,-28.75,-47.75,5204:487:4,0.52
Pteria,hirundo,-27.25,-48.75,5204:478:2,0.59
Pteria,hirundo,-27.25,-47.25,5204:477:1,0.53
Pteria,hirundo,-26.75,-48.75,5204:468:4,0.49
Pteria,hirundo,-26.25,-48.75,5204:468:2,0.41
Pteria,hirundo,-26.25,-46.75,5204:466:2,0.59
Pteria,hirundo,-25.75,-48.75,5204:458:4,0.42
Pteria,hirundo,-24.75,-47.75,5204:247:4,0.57
Pteria,hirundo,-24.75,-47.25,5204:247:3,0.58
Pteria,hirundo,-23.75,-46.25,5204:236:3,0.53
Pteria,hirundo,-24.25,-44.75,5204:144:2,0.58
Pteria,hirundo,-24.25,-44.25,5204:144:1,0.56
Pteria,hirundo,-23.75,-43.75,5204:133:4,0.44
Pteria,hirundo,-23.75,-43.25,5204:133:3,0.52
Pteria,hirundo,-23.75,-41.75,5204:131:4,0.53
Pteria,hirundo,-21.25,-41.25,5204:111:1,0.43
Pteria,hirundo,-0.25,-46.25,5004:206:1,0.48
Pteria,hirundo,-0.75,-45.75,5004:205:4,0.42
Pteria,hirundo,-0.75,-45.25,5004:205:3,0.54
Pteria,hirundo,-0.25,-45.75,5004:205:2,0.55
Pteria,hirundo,-0.25,-45.25,5004:205:1,0.59
Pteria,hirundo,-2.25,-43.75,5004:123:2,0.45
Pteria,hirundo,-2.25,-43.25,5004:123:1,0.57
Pteria,hirundo,-2.25,-42.75,5004:122:2,0.57
Pteria,hirundo,-2.75,-41.25,5004:121:3,0.42
Pteria,hirundo,-1.25,-44.75,5004:114:2,0.45
Pteria,hirundo,-1.25,-44.25,5004:114:1,0.59
Pteria,hirundo,-1.75,-43.75,5004:113:4,0.56
Pteria,hirundo,-4.25,-35.75,5003:245:2,0.54
Pteria,hirundo,-3.25,-39.75,5003:239:2,0.57
Pteria,hirundo,-3.25,-37.75,5003:237:2,0.46
Pteria,hirundo,40.25,23.25,1402:103:1,0.46
Pteria,hirundo,45.75,13.75,1401:353:4,0.56
Pteria,hirundo,45.25,13.25,1401:353:1,0.44
Pteria,hirundo,44.75,13.25,1401:143:3,0.59
Pteria,hirundo,44.25,10.25,1401:140:1,0.46
Pteria,hirundo,43.75,13.25,1401:133:3,0.54
Pteria,hirundo,43.75,4.25,1400:134:3,0.45
Pteria,hirundo,40.75,0.75,1400:100:4,0.51
Pteria,hirundo,36.75,35.25,1303:465:3,0.43
Pteria,hirundo,35.25,32.75,1303:352:2,0.59
Pteria,hirundo,35.25,32.25,1303:352:1,0.59
Pteria,hirundo,39.25,25.25,1302:495:1,0.58
Pteria,hirundo,39.25,24.75,1302:394:2,0.45
Pteria,hirundo,39.25,23.25,1302:393:1,0.41
Pteria,hirundo,39.75,22.75,1302:392:4,0.54
Pteria,hirundo,39.25,22.75,1302:392:2,0.44
Pteria,hirundo,38.75,24.25,1302:384:3,0.49
Pteria,hirundo,38.75,23.75,1302:383:4,0.44
Pteria,hirundo,38.75,23.25,1302:383:3,0.43
Pteria,hirundo,31.75,29.75,1302:219:4,0.41
Pteria,hirundo,35.75,13.25,1301:353:3,0.52
Pteria,hirundo,35.25,13.75,1301:353:2,0.47
Pteria,hirundo,34.25,14.75,1301:144:2,0.48
Pteria,hirundo,32.75,12.25,1301:122:3,0.46
Pteria,hirundo,32.25,-80.75,7308:120:2,0.70
Pteria,hirundo,31.75,-80.75,7308:110:4,0.75
Pteria,hirundo,31.25,-80.75,7308:110:2,0.69
Pteria,hirundo,30.25,-84.25,7308:104:1,0.60
Pteria,hirundo,35.25,-75.75,7307:455:2,0.71
Pteria,hirundo,34.75,-76.75,7307:246:4,0.76
Pteria,hirundo,33.75,-77.75,7307:237:4,0.61
Pteria,hirundo,32.75,-79.75,7307:229:4,0.61
Pteria,hirundo,27.75,-95.75,7209:475:4,0.77
Pteria,hirundo,26.75,-96.75,7209:466:4,0.64
Pteria,hirundo,26.25,-96.75,7209:466:2,0.68
Pteria,hirundo,25.75,-97.25,7209:457:3,0.72
Pteria,hirundo,25.75,-96.75,7209:456:4,0.79
Pteria,hirundo,28.25,-94.75,7209:384:2,0.65
Pteria,hirundo,28.25,-94.25,7209:384:1,0.74
Pteria,hirundo,28.25,-91.75,7209:381:2,0.76
Pteria,hirundo,28.25,-91.25,7209:381:1,0.66
Pteria,hirundo,27.75,-92.25,7209:372:3,0.63
Pteria,hirundo,25.75,-90.25,7209:350:3,0.73
Pteria,hirundo,24.25,-97.75,7209:247:2,0.63
Pteria,hirundo,22.25,-92.25,7209:122:1,0.73
Pteria,hirundo,21.75,-92.25,7209:112:3,0.63
Pteria,hirundo,20.25,-90.75,7209:100:2,0.76
Pteria,hirundo,20.25,-90.25,7209:100:1,0.79
Pteria,hirundo,29.25,-85.75,7208:495:2,0.63
Pteria,hirundo,29.25,-85.25,7208:495:1,0.70
Pteria,hirundo,28.75,-85.25,7208:485:3,0.77
Pteria,hirundo,29.75,-84.75,7208:394:4,0.62
Pteria,hirundo,29.75,-81.25,7208:391:3,0.71
Pteria,hirundo,28.25,-83.25,7208:383:1,0.73
Pteria,hirundo,28.75,-82.75,7208:382:4,0.73
Pteria,hirundo,26.25,-81.75,7208:361:2,0.69
Pteria,hirundo,25.25,-80.25,7208:350:1,0.79
Pteria,hirundo,23.25,-89.25,7208:239:1,0.77
Pteria,hirundo,23.75,-88.75,7208:238:4,0.70
Pteria,hirundo,23.75,-87.75,7208:237:4,0.77
Pteria,hirundo,23.75,-87.25,7208:237:3,0.69
Pteria,hirundo,23.25,-87.25,7208:237:1,0.74
Pteria,hirundo,22.25,-86.75,7208:226:2,0.74
Pteria,hirundo,21.75,-87.25,7208:217:3,0.67
Pteria,hirundo,21.75,-86.75,7208:216:4,0.75
Pteria,hirundo,21.25,-86.75,7208:216:2,0.65
Pteria,hirundo,20.75,-87.25,7208:207:3,0.70
Pteria,hirundo,24.25,-82.75,7208:142:2,0.77
Pteria,hirundo,24.25,-82.25,7208:142:1,0.78
Pteria,hirundo,24.25,-81.75,7208:141:2,0.72
Pteria,hirundo,24.75,-80.75,7208:140:4,0.79
Pteria,hirundo,24.75,-80.25,7208:140:3,0.68
Pteria,hirundo,24.25,-80.25,7208:140:1,0.69
Pteria,hirundo,23.25,-83.25,7208:133:1,0.65
Pteria,hirundo,23.25,-82.75,7208:132:2,0.67
Pteria,hirundo,23.25,-82.25,7208:132:1,0.68
Pteria,hirundo,23.25,-81.75,7208:131:2,0.70
Pteria,hirundo,23.25,-81.25,7208:131:1,0.72
Pteria,hirundo,23.75,-80.25,7208:130:3,0.71
Pteria,hirundo,23.25,-80.75,7208:130:2,0.73
Pteria,hirundo,23.25,-80.25,7208:130:1,0.72
Pteria,hirundo,22.75,-82.75,7208:122:4,0.68
Pteria,hirundo,22.75,-82.25,7208:122:3,0.70
Pteria,hirundo,22.75,-81.75,7208:121:4,0.64
Pteria,hirundo,27.25,-79.75,7207:479:2,0.79
Pteria,hirundo,26.75,-79.75,7207:469:4,0.76
Pteria,hirundo,26.25,-79.75,7207:469:2,0.74
Pteria,hirundo,26.25,-79.25,7207:469:1,0.77
Pteria,hirundo,26.25,-76.75,7207:466:2,0.70
Pteria,hirundo,25.25,-79.25,7207:459:1,0.77
Pteria,hirundo,25.25,-77.75,7207:457:2,0.62
Pteria,hirundo,25.25,-77.25,7207:457:1,0.72
Pteria,hirundo,25.75,-76.75,7207:456:4,0.69
Pteria,hirundo,25.25,-76.25,7207:456:1,0.71
Pteria,hirundo,24.25,-79.75,7207:249:2,0.70
Pteria,hirundo,24.75,-77.25,7207:247:3,0.71
Pteria,hirundo,24.25,-77.75,7207:247:2,0.65
Pteria,hirundo,24.25,-76.75,7207:246:2,0.68
Pteria,hirundo,23.75,-79.75,7207:239:4,0.70
Pteria,hirundo,23.75,-79.25,7207:239:3,0.72
Pteria,hirundo,23.25,-79.75,7207:239:2,0.70
Pteria,hirundo,23.75,-78.75,7207:238:4,0.77
Pteria,hirundo,23.75,-78.25,7207:238:3,0.73
Pteria,hirundo,23.25,-78.75,7207:238:2,0.74
Pteria,hirundo,23.25,-78.25,7207:238:1,0.76
Pteria,hirundo,23.75,-77.75,7207:237:4,0.68
Pteria,hirundo,23.25,-77.75,7207:237:2,0.66
Pteria,hirundo,23.25,-77.25,7207:237:1,0.61
Pteria,hirundo,23.75,-76.25,7207:236:3,0.62
Pteria,hirundo,23.25,-75.75,7207:235:2,0.60
Pteria,hirundo,22.75,-79.75,7207:229:4,0.68
Pteria,hirundo,22.75,-79.25,7207:229:3,0.73
Pteria,hirundo,22.75,-78.75,7207:228:4,0.73
Pteria,hirundo,22.75,-78.25,7207:228:3,0.74
Pteria,hirundo,22.25,-78.75,7207:228:2,0.70
Pteria,hirundo,22.25,-78.25,7207:228:1,0.73
Pteria,hirundo,22.75,-77.25,7207:227:3,0.72
Pteria,hirundo,22.25,-77.75,7207:227:2,0.73
Pteria,hirundo,22.25,-77.25,7207:227:1,0.71
Pteria,hirundo,22.75,-76.75,7207:226:4,0.60
Pteria,hirundo,22.25,-76.75,7207:226:2,0.61
Pteria,hirundo,21.75,-78.75,7207:218:4,0.64
Pteria,hirundo,21.75,-77.75,7207:217:4,0.69
Pteria,hirundo,21.75,-77.25,7207:217:3,0.69
Pteria,hirundo,21.75,-76.75,7207:216:4,0.63
Pteria,hirundo,21.25,-76.75,7207:216:2,0.69
Pteria,hirundo,21.25,-76.25,7207:216:1,0.74
Pteria,hirundo,20.75,-75.75,7207:205:4,0.69
Pteria,hirundo,20.75,-75.25,7207:205:3,0.71
Pteria,hirundo,19.75,-96.25,7109:496:3,0.70
Pteria,hirundo,19.25,-92.25,7109:392:1,0.65
Pteria,hirundo,19.75,-91.75,7109:391:4,0.73
Pteria,hirundo,19.75,-91.25,7109:391:3,0.78
Pteria,hirundo,19.25,-91.75,7109:391:2,0.76
Pteria,hirundo,19.25,-91.25,7109:391:1,0.75
Pteria,hirundo,19.75,-90.75,7109:390:4,0.73
Pteria,hirundo,19.75,-90.25,7109:390:3,0.65
Pteria,hirundo,19.25,-90.75,7109:390:2,0.62
Pteria,hirundo,18.75,-94.75,7109:384:4,0.62
Pteria,hirundo,18.75,-94.25,7109:384:3,0.61
Pteria,hirundo,19.75,-70.75,7107:390:4,0.61
Pteria,hirundo,19.75,-70.25,7107:390:3,0.66
Pteria,hirundo,12.75,-70.75,7107:120:4,0.79
Pteria,hirundo,12.75,-70.25,7107:120:3,0.74
Pteria,hirundo,12.75,-69.75,7106:229:4,0.63
Pteria,hirundo,12.25,-69.75,7106:229:2,0.76
Pteria,hirundo,12.25,-69.25,7106:229:1,0.67
Pteria,hirundo,12.25,-68.75,7106:228:2,0.61
Pteria,hirundo,11.75,-68.75,7106:218:4,0.75
Pteria,hirundo,11.25,-68.75,7106:218:2,0.78
Pteria,hirundo,11.25,-68.25,7106:218:1,0.75
Pteria,hirundo,11.25,-65.75,7106:215:2,0.78
Pteria,hirundo,10.75,-68.25,7106:208:3,0.76
Pteria,hirundo,10.75,-67.75,7106:207:4,0.78
Pteria,hirundo,10.75,-66.75,7106:206:4,0.75
Pteria,hirundo,10.75,-66.25,7106:206:3,0.62
Pteria,hirundo,10.75,-65.75,7106:205:4,0.68
Pteria,hirundo,11.25,-64.75,7106:114:2,0.79
Pteria,hirundo,2.75,-47.75,7004:227:4,0.64
Pteria,hirundo,2.25,-47.25,7004:227:1,0.65
Pteria,hirundo,1.75,-46.75,7004:216:4,0.65
Pteria,hirundo,1.25,-46.25,7004:216:1,0.64
Pteria,hirundo,0.75,-46.25,7004:206:3,0.61
Pteria,hirundo,0.75,-45.75,7004:205:4,0.62
Pteria,hirundo,0.75,-45.25,7004:205:3,0.64
Pteria,hirundo,0.25,-45.25,7004:205:1,0.62
Pteria,hirundo,0.25,-44.75,7004:104:2,0.64
Pteria,hirundo,0.25,-44.25,7004:104:1,0.65
Pteria,hirundo,-32.75,-50.25,5305:120:3,0.78
Pteria,hirundo,-32.25,-50.25,5305:120:1,0.63
Pteria,hirundo,-31.75,-49.75,5304:219:4,0.76
Pteria,hirundo,-30.25,-48.75,5304:208:2,0.74
Pteria,hirundo,-29.75,-49.25,5204:499:3,0.69
Pteria,hirundo,-29.25,-48.25,5204:498:1,0.64
Pteria,hirundo,-28.75,-48.75,5204:488:4,0.72
Pteria,hirundo,-28.25,-48.75,5204:488:2,0.71
Pteria,hirundo,-27.75,-48.75,5204:478:4,0.70
Pteria,hirundo,-26.25,-48.25,5204:468:1,0.78
Pteria,hirundo,-26.25,-46.25,5204:466:1,0.79
Pteria,hirundo,-25.75,-48.25,5204:458:3,0.75
Pteria,hirundo,-25.25,-48.25,5204:458:1,0.74
Pteria,hirundo,-25.25,-47.75,5204:457:2,0.69
Pteria,hirundo,-25.75,-46.25,5204:456:3,0.70
Pteria,hirundo,-24.25,-47.25,5204:247:1,0.64
Pteria,hirundo,-24.75,-45.25,5204:245:3,0.75
Pteria,hirundo,-24.75,-44.75,5204:144:4,0.74
Pteria,hirundo,-23.75,-42.75,5204:132:4,0.61
Pteria,hirundo,-22.75,-41.75,5204:121:4,0.79
Pteria,hirundo,-22.75,-40.75,5204:120:4,0.73
Pteria,hirundo,-22.25,-40.25,5204:120:1,0.76
Pteria,hirundo,-19.25,-39.75,5103:499:2,0.62
Pteria,hirundo,-11.25,-37.25,5103:217:1,0.76
Pteria,hirundo,-10.25,-35.75,5103:205:2,0.60
Pteria,hirundo,-2.25,-42.25,5004:122:1,0.60
Pteria,hirundo,-2.25,-41.75,5004:121:2,0.62
Pteria,hirundo,-2.25,-41.25,5004:121:1,0.62
Pteria,hirundo,-2.75,-40.75,5004:120:4,0.60
Pteria,hirundo,-2.75,-40.25,5004:120:3,0.61
Pteria,hirundo,-2.25,-40.75,5004:120:2,0.62
Pteria,hirundo,-2.25,-40.25,5004:120:1,0.63
Pteria,hirundo,-1.75,-43.25,5004:113:3,0.62
Pteria,hirundo,-1.25,-43.75,5004:113:2,0.64
Pteria,hirundo,-1.25,-43.25,5004:113:1,0.65
Pteria,hirundo,-1.75,-42.75,5004:112:4,0.64
Pteria,hirundo,-0.75,-44.75,5004:104:4,0.60
Pteria,hirundo,-0.75,-44.25,5004:104:3,0.64
Pteria,hirundo,-0.25,-44.75,5004:104:2,0.63
Pteria,hirundo,-0.25,-44.25,5004:104:1,0.65
Pteria,hirundo,-0.75,-43.75,5004:103:4,0.66
Pteria,hirundo,-0.25,-43.75,5004:103:2,0.65
Pteria,hirundo,-9.75,-35.75,5003:495:4,0.63
Pteria,hirundo,-9.75,-35.25,5003:495:3,0.75
Pteria,hirundo,-9.25,-35.25,5003:495:1,0.75
Pteria,hirundo,-8.75,-35.25,5003:485:3,0.74
Pteria,hirundo,-5.25,-36.25,5003:456:1,0.66
Pteria,hirundo,-5.75,-35.25,5003:455:3,0.67
Pteria,hirundo,-5.25,-35.75,5003:455:2,0.67
Pteria,hirundo,-5.25,-35.25,5003:455:1,0.67
Pteria,hirundo,-9.25,-34.75,5003:394:2,0.73
Pteria,hirundo,-8.75,-34.75,5003:384:4,0.72
Pteria,hirundo,-8.25,-34.75,5003:384:2,0.72
Pteria,hirundo,-8.25,-34.25,5003:384:1,0.69
Pteria,hirundo,-7.75,-34.75,5003:374:4,0.70
Pteria,hirundo,-7.75,-34.25,5003:374:3,0.69
Pteria,hirundo,-7.25,-34.75,5003:374:2,0.69
Pteria,hirundo,-7.25,-34.25,5003:374:1,0.68
Pteria,hirundo,-6.75,-34.75,5003:364:4,0.68
Pteria,hirundo,-6.75,-34.25,5003:364:3,0.67
Pteria,hirundo,-6.25,-34.75,5003:364:2,0.68
Pteria,hirundo,-5.75,-34.75,5003:354:4,0.67
Pteria,hirundo,-5.25,-34.75,5003:354:2,0.66
Pteria,hirundo,-4.25,-38.25,5003:248:1,0.65
Pteria,hirundo,-4.75,-37.25,5003:247:3,0.61
Pteria,hirundo,-4.25,-37.75,5003:247:2,0.64
Pteria,hirundo,-4.25,-37.25,5003:247:1,0.66
Pteria,hirundo,-4.75,-36.75,5003:246:4,0.66
Pteria,hirundo,-4.75,-36.25,5003:246:3,0.66
Pteria,hirundo,-4.25,-36.75,5003:246:2,0.67
Pteria,hirundo,-4.75,-35.75,5003:245:4,0.67
Pteria,hirundo,-4.75,-35.25,5003:245:3,0.67
Pteria,hirundo,-3.25,-39.25,5003:239:1,0.63
Pteria,hirundo,-3.75,-38.75,5003:238:4,0.64
Pteria,hirundo,-3.75,-38.25,5003:238:3,0.64
Pteria,hirundo,-3.25,-38.75,5003:238:2,0.64
Pteria,hirundo,-3.25,-38.25,5003:238:1,0.66
Pteria,hirundo,-3.75,-37.75,5003:237:4,0.65
Pteria,hirundo,-3.75,-37.25,5003:237:3,0.66
Pteria,hirundo,-3.75,-35.75,5003:235:4,0.66
Pteria,hirundo,-2.75,-39.75,5003:229:4,0.63
Pteria,hirundo,-2.75,-39.25,5003:229:3,0.64
Pteria,hirundo,-2.25,-39.75,5003:229:2,0.65
Pteria,hirundo,-2.25,-39.25,5003:229:1,0.65
Pteria,hirundo,-2.75,-38.75,5003:228:4,0.65
Pteria,hirundo,-2.25,-38.25,5003:228:1,0.65
Pteria,hirundo,-1.75,-38.75,5003:218:4,0.65
Pteria,hirundo,-1.25,-38.75,5003:218:2,0.66
Pteria,hirundo,-3.75,-33.75,5003:133:4,0.67
Pteria,hirundo,-3.75,-32.25,5003:132:3,0.68
Pteria,hirundo,40.25,22.75,1402:102:2,0.61
Pteria,hirundo,41.25,18.75,1401:218:2,0.63
Pteria,hirundo,41.75,16.75,1401:216:4,0.67
Pteria,hirundo,44.25,13.25,1401:143:1,0.71
Pteria,hirundo,43.75,3.75,1400:133:4,0.61
Pteria,hirundo,36.25,35.75,1303:465:2,0.71
Pteria,hirundo,36.25,35.25,1303:465:1,0.66
Pteria,hirundo,35.75,35.75,1303:455:4,0.67
Pteria,hirundo,35.25,35.75,1303:455:2,0.66
Pteria,hirundo,36.75,34.75,1303:364:4,0.65
Pteria,hirundo,36.25,34.75,1303:364:2,0.61
Pteria,hirundo,36.25,34.25,1303:364:1,0.63
Pteria,hirundo,36.25,33.75,1303:363:2,0.62
Pteria,hirundo,36.25,33.25,1303:363:1,0.65
Pteria,hirundo,36.25,32.75,1303:362:2,0.65
Pteria,hirundo,36.25,32.25,1303:362:1,0.61
Pteria,hirundo,36.75,31.25,1303:361:3,0.61
Pteria,hirundo,36.75,30.75,1303:360:4,0.61
Pteria,hirundo,36.25,30.75,1303:360:2,0.60
Pteria,hirundo,36.25,30.25,1303:360:1,0.60
Pteria,hirundo,35.75,34.75,1303:354:4,0.62
Pteria,hirundo,35.75,34.25,1303:354:3,0.61
Pteria,hirundo,35.25,34.25,1303:354:1,0.61
Pteria,hirundo,35.25,33.75,1303:353:2,0.61
Pteria,hirundo,35.25,33.25,1303:353:1,0.61
Pteria,hirundo,34.75,35.75,1303:245:4,0.66
Pteria,hirundo,34.25,35.75,1303:245:2,0.74
Pteria,hirundo,33.75,35.25,1303:235:3,0.71
Pteria,hirundo,33.25,35.25,1303:235:1,0.79
Pteria,hirundo,34.75,34.25,1303:144:3,0.62
Pteria,hirundo,34.75,33.75,1303:143:4,0.61
Pteria,hirundo,34.75,33.25,1303:143:3,0.62
Pteria,hirundo,34.75,32.75,1303:142:4,0.61
Pteria,hirundo,34.75,32.25,1303:142:3,0.61
Pteria,hirundo,32.25,34.75,1303:124:2,0.72
Pteria,hirundo,32.25,31.75,1303:121:2,0.67
Pteria,hirundo,32.25,31.25,1303:121:1,0.60
Pteria,hirundo,32.25,30.75,1303:120:2,0.68
Pteria,hirundo,32.25,30.25,1303:120:1,0.60
Pteria,hirundo,31.75,33.75,1303:113:4,0.60
Pteria,hirundo,31.75,33.25,1303:113:3,0.75
Pteria,hirundo,39.25,26.75,1302:496:2,0.67
Pteria,hirundo,39.25,26.25,1302:496:1,0.69
Pteria,hirundo,39.25,25.75,1302:495:2,0.74
Pteria,hirundo,37.25,27.25,1302:477:1,0.66
Pteria,hirundo,37.75,26.75,1302:476:4,0.77
Pteria,hirundo,37.25,26.75,1302:476:2,0.67
Pteria,hirundo,37.25,26.25,1302:476:1,0.73
Pteria,hirundo,36.25,29.75,1302:469:2,0.60
Pteria,hirundo,36.25,29.25,1302:469:1,0.61
Pteria,hirundo,36.75,28.75,1302:468:4,0.61
Pteria,hirundo,36.75,28.25,1302:468:3,0.60
Pteria,hirundo,36.25,28.25,1302:468:1,0.60
Pteria,hirundo,36.75,27.75,1302:467:4,0.61
Pteria,hirundo,36.75,27.25,1302:467:3,0.63
Pteria,hirundo,36.25,27.75,1302:467:2,0.62
Pteria,hirundo,36.25,27.25,1302:467:1,0.65
Pteria,hirundo,36.75,26.75,1302:466:4,0.67
Pteria,hirundo,36.75,26.25,1302:466:3,0.73
Pteria,hirundo,36.25,26.75,1302:466:2,0.70
Pteria,hirundo,36.25,26.25,1302:466:1,0.76
Pteria,hirundo,35.75,27.75,1302:457:4,0.62
Pteria,hirundo,35.75,27.25,1302:457:3,0.65
Pteria,hirundo,35.25,27.25,1302:457:1,0.66
Pteria,hirundo,35.75,26.75,1302:456:4,0.71
Pteria,hirundo,35.75,26.25,1302:456:3,0.78
Pteria,hirundo,35.25,26.75,1302:456:2,0.70
Pteria,hirundo,35.25,26.25,1302:456:1,0.78
Pteria,hirundo,38.75,24.75,1302:384:4,0.68
Pteria,hirundo,38.25,24.25,1302:384:1,0.66
Pteria,hirundo,38.25,23.75,1302:383:2,0.72
Pteria,hirundo,38.25,23.25,1302:383:1,0.79
Pteria,hirundo,38.75,22.75,1302:382:4,0.74
Pteria,hirundo,35.25,23.75,1302:353:2,0.79
Pteria,hirundo,34.75,26.25,1302:246:3,0.73
Pteria,hirundo,34.75,25.75,1302:245:4,0.71
Pteria,hirundo,34.75,25.25,1302:245:3,0.71
Pteria,hirundo,32.25,25.25,1302:225:1,0.76
Pteria,hirundo,31.75,27.25,1302:217:3,0.72
Pteria,hirundo,31.75,26.75,1302:216:4,0.72
Pteria,hirundo,31.75,26.25,1302:216:3,0.72
Pteria,hirundo,31.75,25.75,1302:215:4,0.74
Pteria,hirundo,31.75,25.25,1302:215:3,0.75
Pteria,hirundo,30.75,29.25,1302:209:3,0.77
Pteria,hirundo,34.75,24.75,1302:144:4,0.73
Pteria,hirundo,34.75,24.25,1302:144:3,0.74
Pteria,hirundo,32.25,24.75,1302:124:2,0.79
Pteria,hirundo,38.25,11.75,1301:381:2,0.66
Pteria,hirundo,31.75,-80.25,7308:110:3,1.00
Pteria,hirundo,31.25,-80.25,7308:110:1,1.00
Pteria,hirundo,30.75,-80.75,7308:100:4,1.00
Pteria,hirundo,30.75,-80.25,7308:100:3,1.00
Pteria,hirundo,30.25,-80.75,7308:100:2,1.00
Pteria,hirundo,30.25,-80.25,7308:100:1,1.00
Pteria,hirundo,35.25,-76.25,7307:456:1,0.92
Pteria,hirundo,35.25,-74.75,7307:354:2,1.00
Pteria,hirundo,34.25,-77.25,7307:247:1,1.00
Pteria,hirundo,34.75,-76.25,7307:246:3,0.99
Pteria,hirundo,34.25,-76.75,7307:246:2,1.00
Pteria,hirundo,34.25,-76.25,7307:246:1,1.00
Pteria,hirundo,34.75,-75.75,7307:245:4,1.00
Pteria,hirundo,34.75,-75.25,7307:245:3,1.00
Pteria,hirundo,34.25,-75.75,7307:245:2,1.00
Pteria,hirundo,33.25,-78.75,7307:238:2,0.85
Pteria,hirundo,33.25,-78.25,7307:238:1,1.00
Pteria,hirundo,33.75,-77.25,7307:237:3,1.00
Pteria,hirundo,33.25,-77.75,7307:237:2,1.00
Pteria,hirundo,33.25,-77.25,7307:237:1,1.00
Pteria,hirundo,33.75,-76.75,7307:236:4,1.00
Pteria,hirundo,33.75,-76.25,7307:236:3,1.00
Pteria,hirundo,33.25,-76.75,7307:236:2,1.00
Pteria,hirundo,32.75,-79.25,7307:229:3,1.00
Pteria,hirundo,32.25,-79.75,7307:229:2,1.00
Pteria,hirundo,32.25,-79.25,7307:229:1,1.00
Pteria,hirundo,32.75,-78.75,7307:228:4,1.00
Pteria,hirundo,32.75,-78.25,7307:228:3,1.00
Pteria,hirundo,32.25,-78.75,7307:228:2,1.00
Pteria,hirundo,32.75,-77.75,7307:227:4,0.86
Pteria,hirundo,31.75,-79.75,7307:219:4,1.00
Pteria,hirundo,31.75,-79.25,7307:219:3,1.00
Pteria,hirundo,31.25,-79.75,7307:219:2,1.00
Pteria,hirundo,30.75,-79.75,7307:209:4,0.90
Pteria,hirundo,32.25,-65.25,7306:225:1,1.00
Pteria,hirundo,32.75,-64.75,7306:124:4,1.00
Pteria,hirundo,32.25,-64.75,7306:124:2,1.00
Pteria,hirundo,36.25,-5.25,7300:465:1,1.00
Pteria,hirundo,35.75,-5.25,7300:455:3,1.00
Pteria,hirundo,35.25,-5.25,7300:455:1,1.00
Pteria,hirundo,39.75,-0.25,7300:390:3,1.00
Pteria,hirundo,39.25,-0.25,7300:390:1,1.00
Pteria,hirundo,38.75,-0.25,7300:380:3,1.00
Pteria,hirundo,38.25,-0.75,7300:380:2,1.00
Pteria,hirundo,38.25,-0.25,7300:380:1,1.00
Pteria,hirundo,37.75,-1.25,7300:371:3,1.00
Pteria,hirundo,37.25,-1.75,7300:371:2,1.00
Pteria,hirundo,37.25,-1.25,7300:371:1,1.00
Pteria,hirundo,37.75,-0.75,7300:370:4,1.00
Pteria,hirundo,37.75,-0.25,7300:370:3,0.88
Pteria,hirundo,36.75,-4.75,7300:364:4,1.00
Pteria,hirundo,36.75,-4.25,7300:364:3,1.00
Pteria,hirundo,36.25,-4.75,7300:364:2,1.00
Pteria,hirundo,36.75,-3.75,7300:363:4,1.00
Pteria,hirundo,36.75,-3.25,7300:363:3,1.00
Pteria,hirundo,36.75,-2.75,7300:362:4,1.00
Pteria,hirundo,36.75,-2.25,7300:362:3,1.00
Pteria,hirundo,36.25,-2.75,7300:362:2,0.95
Pteria,hirundo,36.75,-1.75,7300:361:4,1.00
Pteria,hirundo,36.25,-0.25,7300:360:1,1.00
Pteria,hirundo,35.25,-4.75,7300:354:2,1.00
Pteria,hirundo,35.25,-4.25,7300:354:1,1.00
Pteria,hirundo,35.75,-3.25,7300:353:3,0.85
Pteria,hirundo,35.25,-3.75,7300:353:2,1.00
Pteria,hirundo,35.25,-3.25,7300:353:1,1.00
Pteria,hirundo,35.75,-2.75,7300:352:4,1.00
Pteria,hirundo,35.25,-2.75,7300:352:2,1.00
Pteria,hirundo,35.25,-2.25,7300:352:1,1.00
Pteria,hirundo,35.75,-1.25,7300:351:3,1.00
Pteria,hirundo,35.25,-1.75,7300:351:2,1.00
Pteria,hirundo,35.25,-1.25,7300:351:1,1.00
Pteria,hirundo,35.75,-0.75,7300:350:4,1.00
Pteria,hirundo,35.75,-0.25,7300:350:3,1.00
Pteria,hirundo,27.25,-96.25,7209:476:1,0.88
Pteria,hirundo,27.75,-95.25,7209:475:3,0.89
Pteria,hirundo,26.75,-96.25,7209:466:3,0.94
Pteria,hirundo,26.25,-96.25,7209:466:1,0.94
Pteria,hirundo,25.25,-97.25,7209:457:1,0.80
Pteria,hirundo,25.75,-96.25,7209:456:3,0.88
Pteria,hirundo,25.25,-96.75,7209:456:2,0.92
Pteria,hirundo,28.25,-93.75,7209:383:2,0.80
Pteria,hirundo,28.25,-93.25,7209:383:1,0.82
Pteria,hirundo,28.25,-92.75,7209:382:2,0.81
Pteria,hirundo,28.25,-92.25,7209:382:1,0.80
Pteria,hirundo,27.75,-94.75,7209:374:4,0.95
Pteria,hirundo,27.75,-94.25,7209:374:3,0.96
Pteria,hirundo,27.75,-93.75,7209:373:4,0.98
Pteria,hirundo,27.75,-93.25,7209:373:3,0.99
Pteria,hirundo,24.75,-97.75,7209:247:4,0.88
Pteria,hirundo,24.75,-97.25,7209:247:3,0.89
Pteria,hirundo,24.25,-97.25,7209:247:1,0.95
Pteria,hirundo,24.75,-96.75,7209:246:4,0.85
Pteria,hirundo,23.75,-97.75,7209:237:4,0.91
Pteria,hirundo,23.75,-97.25,7209:237:3,0.96
Pteria,hirundo,23.25,-97.75,7209:237:2,0.83
Pteria,hirundo,23.25,-97.25,7209:237:1,0.94
Pteria,hirundo,22.75,-97.25,7209:227:3,0.84
Pteria,hirundo,22.25,-97.25,7209:227:1,0.93
Pteria,hirundo,21.75,-97.25,7209:217:3,0.91
Pteria,hirundo,21.25,-97.25,7209:217:1,0.92
Pteria,hirundo,20.75,-97.25,7209:207:3,0.90
Pteria,hirundo,20.75,-96.75,7209:206:4,0.90
Pteria,hirundo,20.25,-96.75,7209:206:2,0.84
Pteria,hirundo,20.25,-96.25,7209:206:1,0.85
Pteria,hirundo,22.25,-91.75,7209:121:2,0.86
Pteria,hirundo,22.25,-91.25,7209:121:1,0.87
Pteria,hirundo,22.75,-90.75,7209:120:4,0.87
Pteria,hirundo,22.75,-90.25,7209:120:3,0.86
Pteria,hirundo,22.25,-90.75,7209:120:2,0.89
Pteria,hirundo,22.25,-90.25,7209:120:1,0.90
Pteria,hirundo,21.75,-91.75,7209:111:4,0.86
Pteria,hirundo,21.75,-91.25,7209:111:3,0.90
Pteria,hirundo,21.25,-91.75,7209:111:2,0.85
Pteria,hirundo,21.25,-91.25,7209:111:1,0.90
Pteria,hirundo,21.75,-90.75,7209:110:4,0.95
Pteria,hirundo,21.75,-90.25,7209:110:3,0.99
Pteria,hirundo,21.25,-90.75,7209:110:2,0.95
Pteria,hirundo,20.75,-91.75,7209:101:4,0.82
Pteria,hirundo,20.75,-91.25,7209:101:3,0.86
Pteria,hirundo,20.25,-91.75,7209:101:2,0.80
Pteria,hirundo,20.25,-91.25,7209:101:1,0.81
Pteria,hirundo,20.75,-90.75,7209:100:4,0.85
Pteria,hirundo,29.75,-84.25,7208:394:3,0.81
Pteria,hirundo,29.25,-84.75,7208:394:2,0.80
Pteria,hirundo,29.25,-84.25,7208:394:1,0.87
Pteria,hirundo,29.75,-80.75,7208:390:4,1.00
Pteria,hirundo,29.75,-80.25,7208:390:3,1.00
Pteria,hirundo,29.25,-80.75,7208:390:2,0.99
Pteria,hirundo,29.25,-80.25,7208:390:1,1.00
Pteria,hirundo,28.75,-84.75,7208:384:4,0.84
Pteria,hirundo,28.75,-84.25,7208:384:3,0.90
Pteria,hirundo,28.25,-84.75,7208:384:2,0.88
Pteria,hirundo,28.25,-84.25,7208:384:1,0.92
Pteria,hirundo,28.75,-83.75,7208:383:4,0.93
Pteria,hirundo,28.25,-83.75,7208:383:2,0.97
Pteria,hirundo,28.25,-82.75,7208:382:2,0.88
Pteria,hirundo,28.75,-80.75,7208:380:4,0.81
Pteria,hirundo,28.75,-80.25,7208:380:3,1.00
Pteria,hirundo,28.25,-80.25,7208:380:1,1.00
Pteria,hirundo,27.75,-84.25,7208:374:3,0.95
Pteria,hirundo,27.25,-84.25,7208:374:1,0.98
Pteria,hirundo,27.75,-83.75,7208:373:4,0.98
Pteria,hirundo,27.75,-83.25,7208:373:3,0.99
Pteria,hirundo,27.25,-83.75,7208:373:2,0.99
Pteria,hirundo,27.25,-83.25,7208:373:1,1.00
Pteria,hirundo,27.25,-82.75,7208:372:2,1.00
Pteria,hirundo,27.75,-80.25,7208:370:3,1.00
Pteria,hirundo,27.25,-80.25,7208:370:1,1.00
Pteria,hirundo,26.75,-84.25,7208:364:3,1.00
Pteria,hirundo,26.25,-84.25,7208:364:1,0.99
Pteria,hirundo,26.75,-83.75,7208:363:4,1.00
Pteria,hirundo,26.75,-83.25,7208:363:3,1.00
Pteria,hirundo,26.25,-83.75,7208:363:2,1.00
Pteria,hirundo,26.25,-83.25,7208:363:1,1.00
Pteria,hirundo,26.75,-82.75,7208:362:4,1.00
Pteria,hirundo,26.75,-82.25,7208:362:3,1.00
Pteria,hirundo,26.25,-82.75,7208:362:2,1.00
Pteria,hirundo,26.25,-82.25,7208:362:1,1.00
Pteria,hirundo,26.75,-80.25,7208:360:3,0.94
Pteria,hirundo,26.25,-80.25,7208:360:1,0.87
Pteria,hirundo,25.25,-84.25,7208:354:1,0.88
Pteria,hirundo,25.75,-83.75,7208:353:4,1.00
Pteria,hirundo,25.75,-83.25,7208:353:3,0.96
Pteria,hirundo,25.25,-83.75,7208:353:2,0.92
Pteria,hirundo,25.25,-83.25,7208:353:1,0.92
Pteria,hirundo,25.75,-82.75,7208:352:4,0.89
Pteria,hirundo,25.75,-82.25,7208:352:3,1.00
Pteria,hirundo,25.25,-82.75,7208:352:2,0.82
Pteria,hirundo,25.25,-82.25,7208:352:1,0.95
Pteria,hirundo,25.75,-81.75,7208:351:4,1.00
Pteria,hirundo,25.75,-81.25,7208:351:3,1.00
Pteria,hirundo,25.25,-81.75,7208:351:2,1.00
Pteria,hirundo,25.25,-81.25,7208:351:1,0.97
Pteria,hirundo,25.75,-80.25,7208:350:3,0.82
Pteria,hirundo,23.75,-88.25,7208:238:3,0.81
Pteria,hirundo,23.25,-88.75,7208:238:2,0.85
Pteria,hirundo,23.25,-88.25,7208:238:1,0.84
Pteria,hirundo,23.25,-87.75,7208:237:2,0.81
Pteria,hirundo,22.75,-89.75,7208:229:4,0.86
Pteria,hirundo,22.75,-89.25,7208:229:3,0.87
Pteria,hirundo,22.25,-89.75,7208:229:2,0.91
Pteria,hirundo,22.25,-89.25,7208:229:1,0.94
Pteria,hirundo,22.75,-88.75,7208:228:4,0.88
Pteria,hirundo,22.75,-88.25,7208:228:3,0.88
Pteria,hirundo,22.25,-88.75,7208:228:2,0.98
Pteria,hirundo,22.25,-88.25,7208:228:1,1.00
Pteria,hirundo,22.75,-87.75,7208:227:4,0.87
Pteria,hirundo,22.75,-87.25,7208:227:3,0.80
Pteria,hirundo,22.25,-87.75,7208:227:2,0.98
Pteria,hirundo,22.25,-87.25,7208:227:1,0.90
Pteria,hirundo,21.75,-89.75,7208:219:4,1.00
Pteria,hirundo,21.75,-89.25,7208:219:3,1.00
Pteria,hirundo,21.75,-88.75,7208:218:4,0.92
Pteria,hirundo,21.75,-88.25,7208:218:3,1.00
Pteria,hirundo,21.75,-87.75,7208:217:4,1.00
Pteria,hirundo,24.75,-83.75,7208:143:4,0.87
Pteria,hirundo,24.75,-83.25,7208:143:3,0.83
Pteria,hirundo,24.25,-83.25,7208:143:1,0.81
Pteria,hirundo,24.75,-82.75,7208:142:4,0.90
Pteria,hirundo,24.75,-82.25,7208:142:3,0.94
Pteria,hirundo,24.75,-81.75,7208:141:4,0.91
Pteria,hirundo,24.75,-81.25,7208:141:3,0.86
Pteria,hirundo,28.75,-79.75,7207:489:4,0.82
Pteria,hirundo,28.25,-79.75,7207:489:2,0.82
Pteria,hirundo,27.75,-79.75,7207:479:4,0.82
Pteria,hirundo,27.25,-79.25,7207:479:1,0.82
Pteria,hirundo,27.25,-78.75,7207:478:2,0.95
Pteria,hirundo,27.25,-78.25,7207:478:1,0.98
Pteria,hirundo,27.25,-77.75,7207:477:2,1.00
Pteria,hirundo,27.25,-77.25,7207:477:1,1.00
Pteria,hirundo,26.75,-78.75,7207:468:4,0.93
Pteria,hirundo,26.75,-78.25,7207:468:3,0.95
Pteria,hirundo,26.25,-78.75,7207:468:2,0.84
Pteria,hirundo,26.75,-77.75,7207:467:4,0.99
Pteria,hirundo,26.75,-77.25,7207:467:3,1.00
Pteria,hirundo,26.25,-77.75,7207:467:2,0.91
Pteria,hirundo,26.25,-77.25,7207:467:1,0.96
Pteria,hirundo,26.75,-76.75,7207:466:4,0.97
Pteria,hirundo,25.75,-79.25,7207:459:3,0.80
Pteria,hirundo,25.75,-78.75,7207:458:4,0.87
Pteria,hirundo,25.75,-78.25,7207:458:3,0.87
Pteria,hirundo,25.25,-78.75,7207:458:2,0.88
Pteria,hirundo,25.25,-78.25,7207:458:1,0.89
Pteria,hirundo,25.75,-77.75,7207:457:4,0.88
Pteria,hirundo,25.75,-77.25,7207:457:3,0.82
Pteria,hirundo,25.25,-76.75,7207:456:2,0.86
Pteria,hirundo,24.75,-78.75,7207:248:4,0.87
Pteria,hirundo,24.75,-78.25,7207:248:3,0.89
Pteria,hirundo,24.25,-78.75,7207:248:2,0.83
Pteria,hirundo,24.25,-78.25,7207:248:1,0.85
Pteria,hirundo,12.25,-72.75,7107:122:2,0.91
Pteria,hirundo,12.25,-72.25,7107:122:1,0.99
Pteria,hirundo,12.75,-71.75,7107:121:4,0.89
Pteria,hirundo,12.75,-71.25,7107:121:3,0.83
Pteria,hirundo,12.25,-71.75,7107:121:2,0.84
Pteria,hirundo,12.25,-71.25,7107:121:1,0.80
Pteria,hirundo,12.25,-70.75,7107:120:2,0.89
Pteria,hirundo,12.25,-70.25,7107:120:1,0.89
Pteria,hirundo,11.75,-73.25,7107:113:3,0.83
Pteria,hirundo,11.75,-72.75,7107:112:4,0.88
Pteria,hirundo,11.75,-70.75,7107:110:4,0.87
Pteria,hirundo,11.75,-70.25,7107:110:3,0.83
Pteria,hirundo,11.75,-69.75,7106:219:4,0.84
Pteria,hirundo,11.75,-69.25,7106:219:3,0.83
Pteria,hirundo,11.25,-65.25,7106:215:1,0.81
Pteria,hirundo,10.75,-67.25,7106:207:3,0.81
Pteria,hirundo,10.75,-65.25,7106:205:3,0.87
Pteria,hirundo,-31.25,-49.75,5304:219:2,1.00
Pteria,hirundo,-30.75,-49.25,5304:209:3,1.00
Pteria,hirundo,-30.25,-49.25,5304:209:1,0.84
Pteria,hirundo,-30.75,-48.75,5304:208:4,0.91
Pteria,hirundo,-29.75,-48.75,5204:498:4,0.94
Pteria,hirundo,-29.25,-48.75,5204:498:2,0.83
Pteria,hirundo,-28.75,-48.25,5204:488:3,0.98
Pteria,hirundo,-28.25,-48.25,5204:488:1,0.87
Pteria,hirundo,-28.25,-47.75,5204:487:2,1.00
Pteria,hirundo,-27.75,-48.25,5204:478:3,0.80
Pteria,hirundo,-27.25,-48.25,5204:478:1,0.80
Pteria,hirundo,-27.75,-47.75,5204:477:4,1.00
Pteria,hirundo,-27.25,-47.75,5204:477:2,1.00
Pteria,hirundo,-26.75,-48.25,5204:468:3,0.80
Pteria,hirundo,-26.75,-47.75,5204:467:4,1.00
Pteria,hirundo,-26.75,-47.25,5204:467:3,0.80
Pteria,hirundo,-26.25,-47.75,5204:467:2,0.96
Pteria,hirundo,-26.25,-47.25,5204:467:1,1.00
Pteria,hirundo,-25.75,-47.75,5204:457:4,0.86
Pteria,hirundo,-25.75,-47.25,5204:457:3,1.00
Pteria,hirundo,-25.25,-47.25,5204:457:1,0.91
Pteria,hirundo,-25.75,-46.75,5204:456:4,1.00
Pteria,hirundo,-25.25,-46.75,5204:456:2,1.00
Pteria,hirundo,-25.25,-46.25,5204:456:1,1.00
Pteria,hirundo,-25.75,-45.75,5204:455:4,1.00
Pteria,hirundo,-25.75,-45.25,5204:455:3,1.00
Pteria,hirundo,-25.25,-45.75,5204:455:2,1.00
Pteria,hirundo,-25.25,-45.25,5204:455:1,1.00
Pteria,hirundo,-24.75,-46.75,5204:246:4,0.96
Pteria,hirundo,-24.75,-46.25,5204:246:3,1.00
Pteria,hirundo,-24.25,-46.75,5204:246:2,0.82
Pteria,hirundo,-24.25,-46.25,5204:246:1,0.86
Pteria,hirundo,-24.75,-45.75,5204:245:4,1.00
Pteria,hirundo,-23.25,-42.25,5204:132:1,0.81
Pteria,hirundo,-23.75,-41.25,5204:131:3,1.00
Pteria,hirundo,-23.25,-41.75,5204:131:2,0.81
Pteria,hirundo,-23.25,-41.25,5204:131:1,0.82
Pteria,hirundo,-23.25,-40.75,5204:130:2,0.82
Pteria,hirundo,-21.75,-40.25,5204:110:3,0.82
Pteria,hirundo,-21.25,-40.75,5204:110:2,0.89
Pteria,hirundo,-21.25,-40.25,5204:110:1,1.00
Pteria,hirundo,-20.75,-40.25,5204:100:3,1.00
Pteria,hirundo,-20.25,-40.25,5204:100:1,1.00
Pteria,hirundo,-22.25,-37.75,5203:227:2,1.00
Pteria,hirundo,-20.75,-39.75,5203:209:4,1.00
Pteria,hirundo,-20.25,-39.75,5203:209:2,1.00
Pteria,hirundo,-20.75,-38.25,5203:208:3,1.00
Pteria,hirundo,-20.25,-38.25,5203:208:1,1.00
Pteria,hirundo,-20.75,-37.75,5203:207:4,1.00
Pteria,hirundo,-20.75,-37.25,5203:207:3,1.00
Pteria,hirundo,-20.25,-36.75,5203:206:2,1.00
Pteria,hirundo,-20.25,-36.25,5203:206:1,0.99
Pteria,hirundo,-20.75,-35.25,5203:205:3,0.93
Pteria,hirundo,-20.25,-35.75,5203:205:2,0.95
Pteria,hirundo,-20.75,-34.75,5203:104:4,0.90
Pteria,hirundo,-20.25,-34.75,5203:104:2,0.90
Pteria,hirundo,-20.75,-33.75,5203:103:4,0.84
Pteria,hirundo,-20.25,-30.75,5203:100:2,0.84
Pteria,hirundo,-20.75,-29.75,5202:209:4,0.83
Pteria,hirundo,-20.25,-29.25,5202:209:1,0.81
Pteria,hirundo,-19.75,-40.25,5104:390:3,0.87
Pteria,hirundo,-19.75,-39.75,5103:499:4,1.00
Pteria,hirundo,-19.75,-39.25,5103:499:3,1.00
Pteria,hirundo,-19.25,-39.25,5103:499:1,1.00
Pteria,hirundo,-19.75,-38.25,5103:498:3,1.00
Pteria,hirundo,-19.25,-38.75,5103:498:2,1.00
Pteria,hirundo,-19.25,-38.25,5103:498:1,1.00
Pteria,hirundo,-19.75,-37.75,5103:497:4,1.00
Pteria,hirundo,-19.25,-37.75,5103:497:2,0.99
Pteria,hirundo,-18.75,-39.75,5103:489:4,1.00
Pteria,hirundo,-18.75,-39.25,5103:489:3,1.00
Pteria,hirundo,-18.25,-39.75,5103:489:2,1.00
Pteria,hirundo,-18.25,-39.25,5103:489:1,1.00
Pteria,hirundo,-18.75,-38.75,5103:488:4,1.00
Pteria,hirundo,-18.75,-38.25,5103:488:3,1.00
Pteria,hirundo,-18.25,-38.75,5103:488:2,1.00
Pteria,hirundo,-18.25,-38.25,5103:488:1,1.00
Pteria,hirundo,-18.75,-37.75,5103:487:4,0.98
Pteria,hirundo,-18.25,-37.75,5103:487:2,0.98
Pteria,hirundo,-18.25,-37.25,5103:487:1,0.94
Pteria,hirundo,-17.75,-39.25,5103:479:3,1.00
Pteria,hirundo,-17.25,-39.25,5103:479:1,1.00
Pteria,hirundo,-17.75,-38.75,5103:478:4,1.00
Pteria,hirundo,-17.75,-38.25,5103:478:3,1.00
Pteria,hirundo,-17.25,-38.75,5103:478:2,1.00
Pteria,hirundo,-17.25,-38.25,5103:478:1,0.94
Pteria,hirundo,-17.75,-37.75,5103:477:4,0.95
Pteria,hirundo,-17.75,-37.25,5103:477:3,0.92
Pteria,hirundo,-17.75,-36.25,5103:476:3,0.92
Pteria,hirundo,-17.25,-36.75,5103:476:2,0.90
Pteria,hirundo,-17.75,-35.75,5103:475:4,0.93
Pteria,hirundo,-16.75,-39.25,5103:469:3,1.00
Pteria,hirundo,-16.75,-38.75,5103:468:4,1.00
Pteria,hirundo,-16.25,-38.75,5103:468:2,1.00
Pteria,hirundo,-16.25,-38.25,5103:468:1,0.92
Pteria,hirundo,-16.25,-37.75,5103:467:2,0.88
Pteria,hirundo,-15.75,-38.75,5103:458:4,0.97
Pteria,hirundo,-15.75,-38.25,5103:458:3,0.87
Pteria,hirundo,-15.25,-38.75,5103:458:2,0.90
Pteria,hirundo,-15.75,-37.75,5103:457:4,0.85
Pteria,hirundo,-14.75,-38.75,5103:248:4,0.86
Pteria,hirundo,-14.25,-38.75,5103:248:2,0.85
Pteria,hirundo,-13.75,-38.75,5103:238:4,0.85
Pteria,hirundo,-13.25,-38.75,5103:238:2,0.87
Pteria,hirundo,-13.25,-38.25,5103:238:1,0.82
Pteria,hirundo,-12.75,-38.75,5103:228:4,0.83
Pteria,hirundo,-12.75,-38.25,5103:228:3,0.85
Pteria,hirundo,-12.75,-37.75,5103:227:4,0.81
Pteria,hirundo,-12.25,-37.75,5103:227:2,0.85
Pteria,hirundo,-12.25,-37.25,5103:227:1,0.80
Pteria,hirundo,-11.75,-37.25,5103:217:3,0.82
Pteria,hirundo,-11.25,-36.75,5103:216:2,0.80
Pteria,hirundo,45.25,14.75,1401:354:2,0.86
Pteria,hirundo,45.25,14.25,1401:354:1,0.91
Pteria,hirundo,45.25,13.75,1401:353:2,0.92
Pteria,hirundo,44.25,15.25,1401:245:1,1.00
Pteria,hirundo,43.25,17.75,1401:237:2,1.00
Pteria,hirundo,43.25,17.25,1401:237:1,1.00
Pteria,hirundo,43.25,16.75,1401:236:2,1.00
Pteria,hirundo,43.25,16.25,1401:236:1,1.00
Pteria,hirundo,43.75,15.75,1401:235:4,1.00
Pteria,hirundo,43.75,15.25,1401:235:3,1.00
Pteria,hirundo,43.25,15.75,1401:235:2,1.00
Pteria,hirundo,43.25,15.25,1401:235:1,1.00
Pteria,hirundo,42.25,19.25,1401:229:1,1.00
Pteria,hirundo,42.75,18.25,1401:228:3,1.00
Pteria,hirundo,42.25,18.75,1401:228:2,1.00
Pteria,hirundo,42.25,18.25,1401:228:1,0.99
Pteria,hirundo,42.75,17.75,1401:227:4,1.00
Pteria,hirundo,42.75,17.25,1401:227:3,1.00
Pteria,hirundo,42.75,16.75,1401:226:4,1.00
Pteria,hirundo,42.75,16.25,1401:226:3,1.00
Pteria,hirundo,42.25,16.75,1401:226:2,0.89
Pteria,hirundo,42.25,16.25,1401:226:1,1.00
Pteria,hirundo,42.75,15.75,1401:225:4,1.00
Pteria,hirundo,42.75,15.25,1401:225:3,1.00
Pteria,hirundo,42.25,15.75,1401:225:2,1.00
Pteria,hirundo,42.25,15.25,1401:225:1,1.00
Pteria,hirundo,41.75,19.25,1401:219:3,1.00
Pteria,hirundo,41.25,19.25,1401:219:1,1.00
Pteria,hirundo,41.75,18.75,1401:218:4,0.88
Pteria,hirundo,41.25,17.75,1401:217:2,0.94
Pteria,hirundo,41.25,17.25,1401:217:1,1.00
Pteria,hirundo,41.75,16.25,1401:216:3,1.00
Pteria,hirundo,41.25,16.75,1401:216:2,1.00
Pteria,hirundo,41.25,16.25,1401:216:1,1.00
Pteria,hirundo,41.75,15.75,1401:215:4,1.00
Pteria,hirundo,41.75,15.25,1401:215:3,1.00
Pteria,hirundo,40.75,19.25,1401:209:3,1.00
Pteria,hirundo,40.25,19.75,1401:209:2,1.00
Pteria,hirundo,40.25,19.25,1401:209:1,0.98
Pteria,hirundo,40.75,18.75,1401:208:4,0.83
Pteria,hirundo,40.75,18.25,1401:208:3,0.98
Pteria,hirundo,40.25,18.75,1401:208:2,0.95
Pteria,hirundo,40.25,18.25,1401:208:1,0.94
Pteria,hirundo,40.75,17.75,1401:207:4,0.99
Pteria,hirundo,40.75,17.25,1401:207:3,0.97
Pteria,hirundo,40.25,17.75,1401:207:2,0.91
Pteria,hirundo,40.25,17.25,1401:207:1,0.89
Pteria,hirundo,40.25,16.75,1401:206:2,0.89
Pteria,hirundo,40.25,15.75,1401:205:2,1.00
Pteria,hirundo,40.25,15.25,1401:205:1,1.00
Pteria,hirundo,44.75,14.75,1401:144:4,0.98
Pteria,hirundo,44.75,14.25,1401:144:3,1.00
Pteria,hirundo,44.25,14.75,1401:144:2,1.00
Pteria,hirundo,44.25,14.25,1401:144:1,1.00
Pteria,hirundo,44.75,13.75,1401:143:4,0.95
Pteria,hirundo,44.25,13.75,1401:143:2,1.00
Pteria,hirundo,43.75,14.75,1401:134:4,1.00
Pteria,hirundo,43.75,14.25,1401:134:3,1.00
Pteria,hirundo,43.25,14.75,1401:134:2,1.00
Pteria,hirundo,43.25,14.25,1401:134:1,1.00
Pteria,hirundo,43.75,13.75,1401:133:4,0.91
Pteria,hirundo,43.25,13.75,1401:133:2,1.00
Pteria,hirundo,43.75,10.25,1401:130:3,1.00
Pteria,hirundo,43.25,10.75,1401:130:2,1.00
Pteria,hirundo,43.25,10.25,1401:130:1,1.00
Pteria,hirundo,42.75,14.75,1401:124:4,1.00
Pteria,hirundo,42.75,14.25,1401:124:3,1.00
Pteria,hirundo,42.25,14.75,1401:124:2,1.00
Pteria,hirundo,42.25,14.25,1401:124:1,1.00
Pteria,hirundo,42.75,11.25,1401:121:3,1.00
Pteria,hirundo,42.25,11.75,1401:121:2,1.00
Pteria,hirundo,42.25,11.25,1401:121:1,1.00
Pteria,hirundo,42.75,10.75,1401:120:4,1.00
Pteria,hirundo,42.75,10.25,1401:120:3,0.86
Pteria,hirundo,42.25,10.75,1401:120:2,0.86
Pteria,hirundo,42.25,10.25,1401:120:1,0.85
Pteria,hirundo,41.25,13.75,1401:113:2,1.00
Pteria,hirundo,41.25,13.25,1401:113:1,1.00
Pteria,hirundo,41.75,12.75,1401:112:4,1.00
Pteria,hirundo,41.75,12.25,1401:112:3,1.00
Pteria,hirundo,41.25,12.75,1401:112:2,1.00
Pteria,hirundo,41.25,12.25,1401:112:1,0.94
Pteria,hirundo,41.75,11.75,1401:111:4,1.00
Pteria,hirundo,40.75,14.75,1401:104:4,1.00
Pteria,hirundo,40.75,14.25,1401:104:3,1.00
Pteria,hirundo,40.25,14.75,1401:104:2,1.00
Pteria,hirundo,40.75,13.75,1401:103:4,1.00
Pteria,hirundo,40.75,13.25,1401:103:3,0.95
Pteria,hirundo,40.75,12.75,1401:102:4,0.90
Pteria,hirundo,44.25,9.75,1400:249:2,1.00
Pteria,hirundo,44.25,9.25,1400:249:1,0.88
Pteria,hirundo,44.25,8.75,1400:248:2,0.87
Pteria,hirundo,44.25,8.25,1400:248:1,1.00
Pteria,hirundo,43.75,9.75,1400:239:4,1.00
Pteria,hirundo,43.25,9.75,1400:239:2,0.90
Pteria,hirundo,43.25,9.25,1400:239:1,0.88
Pteria,hirundo,43.75,8.25,1400:238:3,1.00
Pteria,hirundo,43.75,7.75,1400:237:4,1.00
Pteria,hirundo,43.75,7.25,1400:237:3,1.00
Pteria,hirundo,43.75,6.75,1400:236:4,1.00
Pteria,hirundo,43.25,6.75,1400:236:2,0.91
Pteria,hirundo,43.25,6.25,1400:236:1,1.00
Pteria,hirundo,43.25,5.75,1400:235:2,1.00
Pteria,hirundo,43.25,5.25,1400:235:1,0.93
Pteria,hirundo,42.75,9.75,1400:229:4,1.00
Pteria,hirundo,42.75,9.25,1400:229:3,1.00
Pteria,hirundo,42.25,9.75,1400:229:2,0.88
Pteria,hirundo,42.75,8.75,1400:228:4,1.00
Pteria,hirundo,42.25,8.75,1400:228:2,1.00
Pteria,hirundo,42.75,6.25,1400:226:3,0.88
Pteria,hirundo,41.75,9.75,1400:219:4,0.87
Pteria,hirundo,41.75,9.25,1400:219:3,0.96
Pteria,hirundo,41.25,9.75,1400:219:2,0.96
Pteria,hirundo,41.25,9.25,1400:219:1,1.00
Pteria,hirundo,41.75,8.75,1400:218:4,0.97
Pteria,hirundo,41.25,8.75,1400:218:2,1.00
Pteria,hirundo,41.25,8.25,1400:218:1,0.94
Pteria,hirundo,40.75,9.75,1400:209:4,0.96
Pteria,hirundo,40.25,9.75,1400:209:2,0.92
Pteria,hirundo,40.75,8.75,1400:208:4,1.00
Pteria,hirundo,40.75,8.25,1400:208:3,1.00
Pteria,hirundo,40.25,8.75,1400:208:2,1.00
Pteria,hirundo,40.25,8.25,1400:208:1,1.00
Pteria,hirundo,43.25,3.75,1400:133:2,0.86
Pteria,hirundo,43.25,3.25,1400:133:1,0.82
Pteria,hirundo,42.75,4.25,1400:124:3,0.92
Pteria,hirundo,42.75,3.75,1400:123:4,0.90
Pteria,hirundo,42.75,3.25,1400:123:3,0.85
Pteria,hirundo,42.25,3.25,1400:123:1,0.92
Pteria,hirundo,41.75,3.25,1400:113:3,1.00
Pteria,hirundo,41.75,2.75,1400:112:4,1.00
Pteria,hirundo,41.25,2.75,1400:112:2,1.00
Pteria,hirundo,41.25,2.25,1400:112:1,1.00
Pteria,hirundo,41.25,1.75,1400:111:2,1.00
Pteria,hirundo,41.25,1.25,1400:111:1,1.00
Pteria,hirundo,40.25,4.25,1400:104:1,1.00
Pteria,hirundo,40.25,3.75,1400:103:2,1.00
Pteria,hirundo,40.25,3.25,1400:103:1,1.00
Pteria,hirundo,40.75,1.25,1400:101:3,1.00
Pteria,hirundo,40.25,1.25,1400:101:1,1.00
Pteria,hirundo,40.25,0.75,1400:100:2,1.00
Pteria,hirundo,40.25,0.25,1400:100:1,1.00
Pteria,hirundo,36.75,36.25,1303:466:3,0.84
Pteria,hirundo,36.75,34.25,1303:364:3,0.96
Pteria,hirundo,36.75,32.25,1303:362:3,1.00
Pteria,hirundo,36.75,31.75,1303:361:4,0.99
Pteria,hirundo,34.75,36.25,1303:246:3,1.00
Pteria,hirundo,33.75,35.75,1303:235:4,0.81
Pteria,hirundo,32.75,35.25,1303:225:3,0.83
Pteria,hirundo,32.75,34.75,1303:124:4,0.82
Pteria,hirundo,31.75,34.75,1303:114:4,0.91
Pteria,hirundo,31.75,34.25,1303:114:3,1.00
Pteria,hirundo,31.25,34.25,1303:114:1,1.00
Pteria,hirundo,31.25,33.75,1303:113:2,1.00
Pteria,hirundo,31.25,33.25,1303:113:1,1.00
Pteria,hirundo,31.75,32.75,1303:112:4,0.80
Pteria,hirundo,31.75,32.25,1303:112:3,1.00
Pteria,hirundo,31.25,32.75,1303:112:2,1.00
Pteria,hirundo,31.25,32.25,1303:112:1,1.00
Pteria,hirundo,31.75,31.75,1303:111:4,1.00
Pteria,hirundo,31.75,31.25,1303:111:3,1.00
Pteria,hirundo,31.75,30.75,1303:110:4,1.00
Pteria,hirundo,31.75,30.25,1303:110:3,0.91
Pteria,hirundo,31.25,30.25,1303:110:1,0.91
Pteria,hirundo,38.75,27.25,1302:487:3,1.00
Pteria,hirundo,38.25,27.25,1302:487:1,1.00
Pteria,hirundo,38.75,26.75,1302:486:4,0.91
Pteria,hirundo,38.75,26.25,1302:486:3,1.00
Pteria,hirundo,38.25,26.75,1302:486:2,0.84
Pteria,hirundo,38.25,26.25,1302:486:1,0.92
Pteria,hirundo,38.75,25.75,1302:485:4,1.00
Pteria,hirundo,38.75,25.25,1302:485:3,0.86
Pteria,hirundo,38.25,25.75,1302:485:2,1.00
Pteria,hirundo,37.25,28.25,1302:478:1,1.00
Pteria,hirundo,37.75,27.25,1302:477:3,0.88
Pteria,hirundo,37.25,27.75,1302:477:2,0.80
Pteria,hirundo,37.75,26.25,1302:476:3,0.81
Pteria,hirundo,37.75,25.75,1302:475:4,0.96
Pteria,hirundo,37.75,25.25,1302:475:3,1.00
Pteria,hirundo,37.25,25.75,1302:475:2,0.87
Pteria,hirundo,37.25,25.25,1302:475:1,1.00
Pteria,hirundo,36.75,29.25,1302:469:3,0.80
Pteria,hirundo,36.75,25.75,1302:465:4,0.83
Pteria,hirundo,36.75,25.25,1302:465:3,0.98
Pteria,hirundo,36.25,25.75,1302:465:2,0.83
Pteria,hirundo,36.25,25.25,1302:465:1,0.94
Pteria,hirundo,35.25,25.75,1302:455:2,0.80
Pteria,hirundo,35.25,25.25,1302:455:1,0.82
Pteria,hirundo,39.25,21.25,1302:391:1,1.00
Pteria,hirundo,39.75,20.25,1302:390:3,1.00
Pteria,hirundo,39.25,20.75,1302:390:2,1.00
Pteria,hirundo,39.25,20.25,1302:390:1,0.94
Pteria,hirundo,38.25,24.75,1302:384:2,0.88
Pteria,hirundo,38.25,22.75,1302:382:2,0.90
Pteria,hirundo,38.25,22.25,1302:382:1,1.00
Pteria,hirundo,38.75,21.25,1302:381:3,1.00
Pteria,hirundo,38.25,21.75,1302:381:2,1.00
Pteria,hirundo,38.25,21.25,1302:381:1,0.93
Pteria,hirundo,38.75,20.75,1302:380:4,0.94
Pteria,hirundo,38.25,20.75,1302:380:2,0.93
Pteria,hirundo,38.25,20.25,1302:380:1,0.92
Pteria,hirundo,37.75,24.75,1302:374:4,1.00
Pteria,hirundo,37.75,24.25,1302:374:3,0.96
Pteria,hirundo,37.25,24.75,1302:374:2,1.00
Pteria,hirundo,37.25,24.25,1302:374:1,1.00
Pteria,hirundo,37.75,23.75,1302:373:4,1.00
Pteria,hirundo,37.75,23.25,1302:373:3,1.00
Pteria,hirundo,37.25,23.75,1302:373:2,1.00
Pteria,hirundo,37.25,23.25,1302:373:1,1.00
Pteria,hirundo,37.75,22.75,1302:372:4,1.00
Pteria,hirundo,37.25,22.75,1302:372:2,1.00
Pteria,hirundo,37.25,22.25,1302:372:1,1.00
Pteria,hirundo,37.75,21.75,1302:371:4,1.00
Pteria,hirundo,37.75,21.25,1302:371:3,0.97
Pteria,hirundo,37.25,21.75,1302:371:2,1.00
Pteria,hirundo,37.25,21.25,1302:371:1,0.99
Pteria,hirundo,37.75,20.75,1302:370:4,0.95
Pteria,hirundo,36.75,24.75,1302:364:4,1.00
Pteria,hirundo,36.75,24.25,1302:364:3,1.00
Pteria,hirundo,36.75,23.75,1302:363:4,1.00
Pteria,hirundo,36.75,23.25,1302:363:3,1.00
Pteria,hirundo,36.25,23.25,1302:363:1,1.00
Pteria,hirundo,36.75,22.75,1302:362:4,1.00
Pteria,hirundo,36.75,22.25,1302:362:3,1.00
Pteria,hirundo,36.25,22.75,1302:362:2,1.00
Pteria,hirundo,36.25,22.25,1302:362:1,1.00
Pteria,hirundo,36.75,21.75,1302:361:4,1.00
Pteria,hirundo,35.75,24.25,1302:354:3,1.00
Pteria,hirundo,35.25,24.75,1302:354:2,0.84
Pteria,hirundo,35.25,24.25,1302:354:1,0.82
Pteria,hirundo,35.75,23.75,1302:353:4,1.00
Pteria,hirundo,35.75,23.25,1302:353:3,1.00
Pteria,hirundo,31.25,29.75,1302:219:2,0.95
Pteria,hirundo,31.25,29.25,1302:219:1,0.86
Pteria,hirundo,31.25,28.75,1302:218:2,0.82
Pteria,hirundo,31.25,28.25,1302:218:1,0.89
Pteria,hirundo,31.25,27.75,1302:217:2,0.93
Pteria,hirundo,31.25,27.25,1302:217:1,0.90
Pteria,hirundo,30.75,28.75,1302:208:4,0.83
Pteria,hirundo,32.25,24.25,1302:124:1,0.81
Pteria,hirundo,32.75,23.25,1302:123:3,0.86
Pteria,hirundo,32.25,23.75,1302:123:2,0.83
Pteria,hirundo,32.25,23.25,1302:123:1,0.84
Pteria,hirundo,32.75,22.75,1302:122:4,0.87
Pteria,hirundo,32.75,22.25,1302:122:3,0.89
Pteria,hirundo,32.75,21.75,1302:121:4,0.92
Pteria,hirundo,32.75,21.25,1302:121:3,0.93
Pteria,hirundo,32.75,20.75,1302:120:4,0.93
Pteria,hirundo,32.75,20.25,1302:120:3,0.94
Pteria,hirundo,32.25,20.25,1302:120:1,1.00
Pteria,hirundo,31.25,20.25,1302:110:1,1.00
Pteria,hirundo,30.75,20.25,1302:100:3,1.00
Pteria,hirundo,39.75,19.75,1301:499:4,0.97
Pteria,hirundo,39.75,19.25,1301:499:3,0.93
Pteria,hirundo,39.25,19.75,1301:499:2,0.92
Pteria,hirundo,39.75,18.75,1301:498:4,0.93
Pteria,hirundo,39.75,18.25,1301:498:3,0.93
Pteria,hirundo,39.75,17.75,1301:497:4,0.92
Pteria,hirundo,39.75,17.25,1301:497:3,0.90
Pteria,hirundo,39.25,17.25,1301:497:1,0.90
Pteria,hirundo,39.75,16.75,1301:496:4,0.88
Pteria,hirundo,39.25,16.25,1301:496:1,1.00
Pteria,hirundo,39.75,15.75,1301:495:4,0.91
Pteria,hirundo,39.75,15.25,1301:495:3,0.91
Pteria,hirundo,39.25,15.75,1301:495:2,1.00
Pteria,hirundo,38.75,17.25,1301:487:3,0.92
Pteria,hirundo,38.75,16.75,1301:486:4,0.91
Pteria,hirundo,38.75,16.25,1301:486:3,1.00
Pteria,hirundo,38.25,16.75,1301:486:2,0.95
Pteria,hirundo,38.25,16.25,1301:486:1,0.97
Pteria,hirundo,38.75,15.75,1301:485:4,1.00
Pteria,hirundo,38.75,15.25,1301:485:3,0.98
Pteria,hirundo,38.25,15.75,1301:485:2,1.00
Pteria,hirundo,38.25,15.25,1301:485:1,1.00
Pteria,hirundo,37.75,16.25,1301:476:3,1.00
Pteria,hirundo,37.75,15.75,1301:475:4,1.00
Pteria,hirundo,37.75,15.25,1301:475:3,1.00
Pteria,hirundo,37.25,15.25,1301:475:1,1.00
Pteria,hirundo,36.75,15.25,1301:465:3,1.00
Pteria,hirundo,36.25,15.25,1301:465:1,1.00
Pteria,hirundo,35.75,15.25,1301:455:3,1.00
Pteria,hirundo,38.75,14.75,1301:384:4,0.97
Pteria,hirundo,38.75,14.25,1301:384:3,0.98
Pteria,hirundo,38.25,14.75,1301:384:2,1.00
Pteria,hirundo,38.25,14.25,1301:384:1,1.00
Pteria,hirundo,38.75,13.25,1301:383:3,0.98
Pteria,hirundo,38.25,13.75,1301:383:2,1.00
Pteria,hirundo,38.25,13.25,1301:383:1,1.00
Pteria,hirundo,38.25,12.75,1301:382:2,1.00
Pteria,hirundo,38.25,12.25,1301:382:1,1.00
Pteria,hirundo,37.25,14.25,1301:374:1,1.00
Pteria,hirundo,37.75,13.25,1301:373:3,1.00
Pteria,hirundo,37.25,13.75,1301:373:2,1.00
Pteria,hirundo,37.25,13.25,1301:373:1,1.00
Pteria,hirundo,37.75,12.75,1301:372:4,1.00
Pteria,hirundo,37.75,12.25,1301:372:3,1.00
Pteria,hirundo,37.25,12.75,1301:372:2,1.00
Pteria,hirundo,37.25,12.25,1301:372:1,1.00
Pteria,hirundo,37.75,11.75,1301:371:4,0.97
Pteria,hirundo,37.25,11.75,1301:371:2,0.96
Pteria,hirundo,37.25,11.25,1301:371:1,0.97
Pteria,hirundo,37.75,10.75,1301:370:4,0.94
Pteria,hirundo,37.75,10.25,1301:370:3,0.96
Pteria,hirundo,37.25,10.75,1301:370:2,1.00
Pteria,hirundo,37.25,10.25,1301:370:1,1.00
Pteria,hirundo,36.75,14.75,1301:364:4,1.00
Pteria,hirundo,36.75,14.25,1301:364:3,1.00
Pteria,hirundo,36.25,14.75,1301:364:2,1.00
Pteria,hirundo,36.25,14.25,1301:364:1,1.00
Pteria,hirundo,36.75,13.25,1301:363:3,1.00
Pteria,hirundo,36.75,12.75,1301:362:4,1.00
Pteria,hirundo,36.75,12.25,1301:362:3,1.00
Pteria,hirundo,36.75,11.75,1301:361:4,0.99
Pteria,hirundo,36.75,11.25,1301:361:3,0.99
Pteria,hirundo,36.25,11.25,1301:361:1,0.99
Pteria,hirundo,36.75,10.75,1301:360:4,1.00
Pteria,hirundo,36.75,10.25,1301:360:3,1.00
Pteria,hirundo,36.25,10.75,1301:360:2,1.00
Pteria,hirundo,35.75,14.75,1301:354:4,1.00
Pteria,hirundo,35.75,14.25,1301:354:3,1.00
Pteria,hirundo,35.25,13.25,1301:353:1,1.00
Pteria,hirundo,35.75,12.75,1301:352:4,1.00
Pteria,hirundo,35.75,12.25,1301:352:3,1.00
Pteria,hirundo,35.25,12.75,1301:352:2,1.00
Pteria,hirundo,35.25,12.25,1301:352:1,1.00
Pteria,hirundo,35.75,11.75,1301:351:4,1.00
Pteria,hirundo,35.75,11.25,1301:351:3,1.00
Pteria,hirundo,35.25,11.75,1301:351:2,1.00
Pteria,hirundo,35.25,11.25,1301:351:1,1.00
Pteria,hirundo,35.75,10.75,1301:350:4,1.00
Pteria,hirundo,32.25,19.75,1301:229:2,1.00
Pteria,hirundo,32.75,15.25,1301:225:3,1.00
Pteria,hirundo,32.25,15.75,1301:225:2,1.00
Pteria,hirundo,32.25,15.25,1301:225:1,1.00
Pteria,hirundo,31.75,19.75,1301:219:4,1.00
Pteria,hirundo,31.25,19.75,1301:219:2,1.00
Pteria,hirundo,31.25,18.25,1301:218:1,1.00
Pteria,hirundo,31.25,17.75,1301:217:2,1.00
Pteria,hirundo,31.25,17.25,1301:217:1,1.00
Pteria,hirundo,31.75,16.25,1301:216:3,1.00
Pteria,hirundo,31.25,16.75,1301:216:2,1.00
Pteria,hirundo,31.25,16.25,1301:216:1,1.00
Pteria,hirundo,31.75,15.75,1301:215:4,1.00
Pteria,hirundo,31.25,15.75,1301:215:2,1.00
Pteria,hirundo,30.75,19.75,1301:209:4,1.00
Pteria,hirundo,30.75,19.25,1301:209:3,0.94
Pteria,hirundo,30.25,19.75,1301:209:2,1.00
Pteria,hirundo,30.25,19.25,1301:209:1,1.00
Pteria,hirundo,30.75,18.75,1301:208:4,1.00
Pteria,hirundo,30.75,18.25,1301:208:3,1.00
Pteria,hirundo,30.25,18.75,1301:208:2,1.00
Pteria,hirundo,30.75,17.75,1301:207:4,0.85
Pteria,hirundo,34.75,13.25,1301:143:3,1.00
Pteria,hirundo,34.25,13.25,1301:143:1,1.00
Pteria,hirundo,34.75,12.75,1301:142:4,1.00
Pteria,hirundo,34.75,12.25,1301:142:3,1.00
Pteria,hirundo,34.25,12.75,1301:142:2,1.00
Pteria,hirundo,34.25,12.25,1301:142:1,1.00
Pteria,hirundo,34.75,11.75,1301:141:4,1.00
Pteria,hirundo,34.75,11.25,1301:141:3,1.00
Pteria,hirundo,34.25,11.75,1301:141:2,1.00
Pteria,hirundo,34.25,11.25,1301:141:1,1.00
Pteria,hirundo,34.75,10.75,1301:140:4,1.00
Pteria,hirundo,34.25,10.75,1301:140:2,1.00
Pteria,hirundo,34.25,10.25,1301:140:1,1.00
Pteria,hirundo,33.25,13.75,1301:133:2,1.00
Pteria,hirundo,33.25,13.25,1301:133:1,1.00
Pteria,hirundo,33.75,12.75,1301:132:4,1.00
Pteria,hirundo,33.75,12.25,1301:132:3,1.00
Pteria,hirundo,33.25,12.75,1301:132:2,1.00
Pteria,hirundo,33.25,12.25,1301:132:1,1.00
Pteria,hirundo,33.75,11.75,1301:131:4,1.00
Pteria,hirundo,33.75,11.25,1301:131:3,1.00
Pteria,hirundo,33.25,11.75,1301:131:2,1.00
Pteria,hirundo,33.25,11.25,1301:131:1,1.00
Pteria,hirundo,33.75,10.75,1301:130:4,1.00
Pteria,hirundo,33.75,10.25,1301:130:3,1.00
Pteria,hirundo,32.75,14.75,1301:124:4,1.00
Pteria,hirundo,32.75,14.25,1301:124:3,1.00
Pteria,hirundo,32.75,13.75,1301:123:4,1.00
Pteria,hirundo,32.75,13.25,1301:123:3,1.00
Pteria,hirundo,32.75,12.75,1301:122:4,1.00
Pteria,hirundo,39.75,9.75,1300:499:4,1.00
Pteria,hirundo,39.25,9.75,1300:499:2,1.00
Pteria,hirundo,39.25,9.25,1300:499:1,1.00
Pteria,hirundo,39.75,8.25,1300:498:3,1.00
Pteria,hirundo,39.25,8.75,1300:498:2,1.00
Pteria,hirundo,39.25,8.25,1300:498:1,1.00
Pteria,hirundo,38.75,9.25,1300:489:3,0.97
Pteria,hirundo,38.75,8.75,1300:488:4,1.00
Pteria,hirundo,38.75,8.25,1300:488:3,0.94
Pteria,hirundo,37.75,9.75,1300:479:4,0.88
Pteria,hirundo,37.75,9.25,1300:479:3,0.98
Pteria,hirundo,37.25,9.75,1300:479:2,1.00
Pteria,hirundo,37.25,9.25,1300:479:1,1.00
Pteria,hirundo,37.75,8.75,1300:478:4,0.96
Pteria,hirundo,37.25,8.75,1300:478:2,1.00
Pteria,hirundo,37.25,8.25,1300:478:1,1.00
Pteria,hirundo,37.25,7.75,1300:477:2,1.00
Pteria,hirundo,37.25,7.25,1300:477:1,1.00
Pteria,hirundo,37.25,6.75,1300:476:2,1.00
Pteria,hirundo,37.25,6.25,1300:476:1,1.00
Pteria,hirundo,36.75,8.75,1300:468:4,1.00
Pteria,hirundo,36.75,8.25,1300:468:3,1.00
Pteria,hirundo,36.75,7.75,1300:467:4,1.00
Pteria,hirundo,36.75,7.25,1300:467:3,1.00
Pteria,hirundo,36.75,6.75,1300:466:4,1.00
Pteria,hirundo,36.75,6.25,1300:466:3,1.00
Pteria,hirundo,36.75,5.75,1300:465:4,1.00
Pteria,hirundo,36.75,5.25,1300:465:3,1.00
Pteria,hirundo,39.75,4.25,1300:394:3,1.00
Pteria,hirundo,39.75,3.75,1300:393:4,1.00
Pteria,hirundo,39.75,3.25,1300:393:3,0.98
Pteria,hirundo,39.25,3.25,1300:393:1,0.99
Pteria,hirundo,39.75,2.75,1300:392:4,1.00
Pteria,hirundo,39.75,2.25,1300:392:3,1.00
Pteria,hirundo,39.25,2.75,1300:392:2,1.00
Pteria,hirundo,39.25,2.25,1300:392:1,1.00
Pteria,hirundo,39.25,1.75,1300:391:2,1.00
Pteria,hirundo,39.25,1.25,1300:391:1,1.00
Pteria,hirundo,39.75,0.75,1300:390:4,1.00
Pteria,hirundo,39.75,0.25,1300:390:3,1.00
Pteria,hirundo,39.25,0.25,1300:390:1,1.00
Pteria,hirundo,38.75,1.75,1300:381:4,1.00
Pteria,hirundo,38.75,1.25,1300:381:3,1.00
Pteria,hirundo,38.75,0.25,1300:380:3,1.00
Pteria,hirundo,38.25,0.25,1300:380:1,1.00
Pteria,hirundo,36.75,4.75,1300:364:4,1.00
Pteria,hirundo,36.75,4.25,1300:364:3,1.00
Pteria,hirundo,36.75,3.75,1300:363:4,1.00
Pteria,hirundo,36.75,3.25,1300:363:3,1.00
Pteria,hirundo,36.75,2.75,1300:362:4,1.00
Pteria,hirundo,36.75,2.25,1300:362:3,1.00
Pteria,hirundo,36.75,1.75,1300:361:4,1.00
Pteria,hirundo,36.75,1.25,1300:361:3,1.00
Pteria,hirundo,36.25,0.75,1300:360:2,1.00
Pteria,hirundo,36.25,0.25,1300:360:1,1.00
Pteria,hirundo,35.75,0.25,1300:350:3,1.00


Occurrence cells used for creating environmental envelope (n = 70)
Genus,Species,Center Lat,Center Long,C-Square,Depth (m),Surface Water Temp. (°C),Bottom Water Temp. (°C),Surface Salinity (psu),Bottom Salinity (psu),Primary Production (mgC·m-3·day-1),Sea Ice Concentration (0-1 fraction),Dissolved Bottom Oxygen (mmol·m-3),Distance to Land (km)
Pteria,hirundo,10.25,-65.25,7106:205:1,73,26.6255741119385,26.4562473297119,36.2642250061035,36.2489242553711,23.5569998621941,0,209.078994750977,20
Pteria,hirundo,22.25,-88.25,7208:228:1,36,26.2746334075928,26.2372627258301,36.2839126586914,36.321403503418,3.43800010159612,0,207.289093017578,85
Pteria,hirundo,23.25,-88.75,7208:238:2,74,26.9029922485352,26.0589370727539,36.2563896179199,36.3727149963379,0.5520000122487551,0,208.083297729492,203
Pteria,hirundo,23.25,-82.75,7208:132:2,1312,27.6757984161377,3.88658690452576,35.9630432128906,34.9706420898438,0.600000028498471,0,210.102111816406,23
Pteria,hirundo,23.75,-89.25,7208:239:3,1606,26.8118724822998,7.87444400787354,36.2767181396484,34.9414138793945,0.291000003926456,0,145.536529541016,271
Pteria,hirundo,24.75,-82.25,7208:142:3,25,26.5146617889404,26.3665409088135,36.1503143310547,36.1621170043945,0.584999972488731,0,206.835464477539,25
Pteria,hirundo,26.75,-84.75,7208:364:4,801,26.3012638092041,15.1625528335571,35.9858016967773,35.9620552062988,1.02700002025813,0,156.067352294922,255
Pteria,hirundo,26.75,-84.25,7208:364:3,154,26.0120143890381,20.2487545013428,35.9916877746582,36.3499221801758,1.32999999914318,0,170.321228027344,208
Pteria,hirundo,27.25,-83.25,7208:373:1,35,25.0382881164551,23.9564647674561,36.0006294250488,36.089786529541,0.821000023279339,0,220.486373901367,99
Pteria,hirundo,29.25,-87.25,7208:497:1,856,25.1798648834229,4.9994330406189,33.8346824645996,34.8905487060547,2.78700003400445,0,171.015228271484,160
Pteria,hirundo,29.75,-86.75,7208:496:4,198,24.7441692352295,18.4456233978271,33.7076950073242,36.2440910339355,3.8479999639093903,0,152.285140991211,104
Pteria,hirundo,30.25,-86.75,7308:206:2,39,23.934139251709,23.5559940338135,33.2021942138672,36.0522193908691,4.70599997788668,0,223.000762939453,22
Pteria,hirundo,31.25,17.25,1301:217:1,78,22.1375961303711,19.3486003875732,38.2060394287109,38.0647048950195,0.631999981123954,0,237.642761230469,17
Pteria,hirundo,31.25,29.75,1302:219:2,162,22.5398139953613,21.7708969116211,38.5129089355469,38.9759635925293,0.754999986384064,0,220.246368408203,22
Pteria,hirundo,32.25,34.75,1303:124:2,242,23.0622844696045,20.2832431793213,38.5872116088867,39.0976791381836,14.6829998120666,0,228.252395629883,17
Pteria,hirundo,33.75,35.25,1303:235:3,1284,23.0329742431641,14.339376449585,39.0141716003418,38.7501602172852,4.65000001713634,0,182.453918457031,22
Pteria,hirundo,34.25,10.75,1301:140:2,34,21.6484203338623,19.9374923706055,37.8744087219238,37.6260871887207,0.908999994862825,0,236.243301391602,69
Pteria,hirundo,35.25,-2.75,7300:352:2,110,19.5145015716553,16.7725429534912,36.2317886352539,37.0324935913086,1.5770000172779002,0,252.007263183594,15
Pteria,hirundo,35.25,32.75,1303:352:2,609,22.3709583282471,18.0332984924316,39.2534866333008,39.0690994262695,1.16400001570582,0,233.394638061523,14
Pteria,hirundo,35.25,35.75,1303:455:2,863,22.8132648468018,14.3490228652954,39.1238708496094,38.7761840820313,1.22199999168515,0,182.987182617188,21
Pteria,hirundo,35.75,-0.75,7300:350:4,1162,19.5032691955566,13.1159238815308,36.2385330200195,38.5110168457031,1.8990000244229999,0,195.122985839844,12
Pteria,hirundo,35.75,14.25,1301:354:3,585,20.9343852996826,13.92369556427,37.7528266906738,38.7425880432129,0.645000021904707,0,189.465530395508,22
Pteria,hirundo,36.75,-4.75,7300:364:4,13,18.4478015899658,15.7219753265381,36.1405143737793,37.047306060791,4.74973861128092,0,230.265106201172,2
Pteria,hirundo,36.75,30.75,1303:360:4,587,22.5851860046387,14.2728004455566,39.209056854248,38.7436561584473,8.60199984163046,0,183.671508789063,15
Pteria,hirundo,36.75,-4.25,7300:364:3,234,18.4479885101318,16.1318302154541,36.2206420898438,36.8619689941406,3.9249998517334497,0,237.740249633789,11
Pteria,hirundo,37.75,24.25,1302:374:3,130,19.8330421447754,16.6281929016113,35.8492088317871,38.7337112426758,1.02900003548712,0,240.451400756836,20
Pteria,hirundo,38.25,15.25,1301:485:1,598,20.2580146789551,14.552490234375,37.9121704101563,38.5402297973633,0.68900000769645,0,234.809753417969,14
Pteria,hirundo,38.25,-0.25,7300:380:1,224,19.8148288726807,14.2748193740845,36.7265586853027,38.1155662536621,2.1649999544024503,0,235.218017578125,21
Pteria,hirundo,38.75,1.25,1300:381:3,164,19.9711074829102,14.7437629699707,36.9014778137207,38.0571365356445,0.581000000238419,0,250.855560302734,20
Pteria,hirundo,39.25,3.25,1300:393:1,973,19.9144039154053,13.0795650482178,37.0267524719238,38.4587135314941,0.505000003613532,0,194.603500366211,18
Pteria,hirundo,39.25,-0.25,7300:390:1,31,19.5334815979004,18.5724277496338,37.1259803771973,37.8517265319824,1.94200000260025,0,237.670059204102,11
Pteria,hirundo,39.75,2.25,1300:392:3,658,19.8268489837646,13.6330041885376,37.1327590942383,38.2950401306152,0.584999972488731,0,233.32421875,21
Pteria,hirundo,39.75,2.75,1300:392:4,334,19.7782363891602,14.9600439071655,37.1691703796387,38.1833915710449,0.570128147955984,0,223.251968383789,9
Pteria,hirundo,39.75,3.25,1300:393:3,28,19.7344818115234,19.3499603271484,37.246223449707,37.7647094726563,0.500999973155558,0,232.195266723633,10
Pteria,hirundo,39.75,3.75,1300:393:4,403,19.7315807342529,13.314549446106,37.2173690795898,38.4893112182617,0.534999999217689,0,206.549346923828,21
Pteria,hirundo,39.75,4.25,1300:394:3,741,19.6379489898682,13.0916042327881,37.2185592651367,38.5009918212891,0.595999998040497,0,188.607986450195,19
Pteria,hirundo,40.25,0.25,1400:100:1,41,19.3797340393066,16.5573253631592,36.9202575683594,38.058464050293,2.53199995495379,0,249.899383544922,11
Pteria,hirundo,40.25,3.25,1400:103:1,1362,19.5524978637695,13.0764751434326,37.3389053344727,38.4668884277344,0.699999975040555,0,193.745040893555,85
Pteria,hirundo,40.25,3.75,1400:103:2,995,19.4920196533203,13.2911548614502,37.3437538146973,38.4631729125977,0.7740000146441159,0,209.827560424805,20
Pteria,hirundo,40.75,14.25,1401:104:3,285,19.9224739074707,14.4757843017578,37.910026550293,38.3932228088379,3.09300003573298,0,241.793045043945,15
Pteria,hirundo,40.75,19.25,1401:209:3,133,19.6090145111084,17.3539543151855,38.3742828369141,38.5784378051758,5.472999997437,0,241.646865844727,19
Pteria,hirundo,41.25,1.75,1400:111:2,270,18.8180389404297,16.4650993347168,37.6760101318359,38.1044387817383,7.10800010710955,0,250.206481933594,11
Pteria,hirundo,41.25,12.75,1401:112:2,316,19.6640377044678,14.3654193878174,37.7061805725098,38.4332084655762,3.01199988462031,0,236.784820556641,19
Pteria,hirundo,41.25,13.25,1401:113:1,95,19.6932716369629,14.5390300750732,37.8596725463867,38.226936340332,1.40399998053908,0,248.429275512695,13
Pteria,hirundo,41.25,2.25,1400:112:1,491,18.7083358764648,13.1014938354492,37.727954864502,38.4890441894531,3.51700000464916,0,188.177169799805,18
Pteria,hirundo,41.75,3.25,1400:113:3,276,17.7105274200439,13.4442577362061,37.8029594421387,38.4525299072266,3.32799996249378,0,231.926910400391,18
Pteria,hirundo,41.75,16.25,1401:216:3,117,18.8211688995361,16.9930648803711,38.0340957641602,38.4461631774902,1.53100001625717,0,243.790176391602,17
Pteria,hirundo,42.25,10.75,1401:120:2,630,19.0611324310303,13.5718374252319,37.9839515686035,38.535816192627,0.383000005967915,0,189.584060668945,20
Pteria,hirundo,42.25,18.75,1401:228:2,95,19.4449043273926,14.1449956893921,38.2246398925781,38.7053871154785,2.73000006563962,0,244.607177734375,16
Pteria,hirundo,42.25,8.75,1400:228:2,501,18.6667976379395,13.4909029006958,37.9129791259766,38.4678649902344,0.516724132467061,0,211.129241943359,8
Pteria,hirundo,42.25,3.25,1400:123:1,97,17.1605281829834,13.8324909210205,37.7403755187988,38.390064239502,2.51200003549457,0,247.88298034668,13
Pteria,hirundo,42.25,15.25,1401:225:1,55,18.7952079772949,13.1289682388306,37.6291427612305,38.5132904052734,0.925000000279397,0,235.310958862305,20
Pteria,hirundo,42.75,17.75,1401:227:4,116,19.2638072967529,13.7813806533813,38.3991966247559,38.6763381958008,6.84100016951561,0,239.441635131836,15
Pteria,hirundo,42.75,6.25,1400:226:3,2271,17.8112983703613,13.0493364334106,38.0742416381836,38.4209861755371,0.538000022061169,0,194.34489440918,91
Pteria,hirundo,42.75,3.25,1400:123:3,66,16.8056259155273,13.9461288452148,37.5526847839355,38.3864898681641,3.7730000913143202,0,249.451080322266,19
Pteria,hirundo,42.75,14.25,1401:124:3,47,18.7933559417725,13.4164266586304,36.9149932861328,38.4927635192871,3.29199992120266,0,245.957565307617,19
Pteria,hirundo,43.25,6.75,1400:236:2,758,18.2853527069092,13.1763877868652,38.110912322998,38.5048332214355,0.429000006988645,0,189.213119506836,16
Pteria,hirundo,43.25,6.25,1400:236:1,100,17.995569229126,13.4235811233521,37.9666366577148,38.4598999023438,4.70304535701871,0,209.260314941406,6
Pteria,hirundo,43.25,5.75,1400:235:2,242,17.7547664642334,13.6837739944458,37.825382232666,38.422233581543,8.73571261763573,0,228.832595825195,7
Pteria,hirundo,43.25,5.25,1400:235:1,250,17.5256252288818,13.9720983505249,37.6727752685547,38.3837776184082,13.0409998819232,0,249.988296508789,15
Pteria,hirundo,43.25,3.75,1400:133:2,63,16.8318939208984,13.8487110137939,37.2128562927246,38.3823890686035,5.30799990519881,0,246.982620239258,18
Pteria,hirundo,43.25,7.25,1400:237:1,2127,18.0869445800781,13.0760793685913,38.0983810424805,38.4209365844727,0.457999994978309,0,194.656265258789,78
Pteria,hirundo,43.25,4.25,1400:134:1,71,16.987606048584,13.9557323455811,36.4676475524902,38.3839797973633,23.598000407218898,0,248.660461425781,48
Pteria,hirundo,43.75,15.25,1401:235:3,31,18.6185779571533,13.0950183868408,37.9274673461914,38.6149291992188,2.05000001005828,0,228.539108276367,20
Pteria,hirundo,43.75,4.25,1400:134:3,27,16.8248500823975,14.1586589813232,36.7474899291992,38.0921249389648,17.6020115613937,0,247.942031860352,2
Pteria,hirundo,43.75,12.75,1401:132:4,4,18.2435054779053,16.4705543518066,34.3094291687012,38.0789947509766,12.247050181031199,0,246.454071044922,1
Pteria,hirundo,43.75,6.75,1400:236:4,114,18.1584777832031,13.3837833404541,37.858283996582,38.4138259887695,5.4551144130528,0,203.513671875,0
Pteria,hirundo,43.75,7.25,1400:237:3,725,18.4835891723633,13.2665786743164,38.1125640869141,38.5435028076172,2.14500003494322,0,189.29020690918,8
Pteria,hirundo,43.75,10.25,1401:130:3,81,18.8952007293701,18.5613498687744,38.0176887512207,38.1161880493164,1.6949999844655401,0,240.402923583984,13
Pteria,hirundo,45.75,13.75,1401:353:4,68,17.1095600128174,15.8537330627441,35.0023040771484,37.0026664733887,12.958562001586,0,264.217498779297,6
